WT nuclear genes	atxr3 nuclear genes	WT ATXR3-marked	atxr3 ATXR3-marked	WT ATXR3-bound	r3 ATXR3-bound
0.0434313239216126	0.0321627653061618	0.141888827423498	0.108469784364907	0.308166773380354	0.194115214348087
0.0451552175334193	0.0331365472232818	0.148611162000617	0.126523095432745	0.322047825452935	0.196372167184055
0.0427676721775508	0.030846159607714	0.174550487220623	0.141959603425987	0.326087270738672	0.184446188434913
0.0402684533800953	0.0297183597416968	0.148816411830137	0.134391911874064	0.305360879528718	0.179001655508216
0.0378883368707549	0.0289062366511627	0.136079042803256	0.124270495090106	0.28914639479265	0.178190013818342
0.0317271072120852	0.0255404274409815	0.105253336528892	0.114838653722527	0.228286726452033	0.145071300825653
0.0258137328067168	0.0226858971472585	0.0946861658308626	0.102602130664344	0.171652418423548	0.11857202726317
0.0201896635801644	0.0192596772598553	0.0723149805261069	0.0755551640672445	0.124833785300041	0.0929673213345229
0.0235140043715045	0.0212977739559296	0.0509673973687755	0.049929425516421	0.103157024573105	0.0838981655211051
0.0223514635650332	0.0208534490706634	0.0440366825729311	0.0385390958686328	0.0920468383439467	0.0731205101126499
0.0199290844844822	0.0180711829246562	0.0376844690624864	0.0287468632417501	0.045651734627898	0.0371051618599045
0.0195803522889686	0.0175095664145936	0.0351556619759736	0.0232623727236707	0.0399879570548501	0.0305791215972374
0.019652878283411	0.0176090706175608	0.0253617347018944	0.0180419601593465	0.0291446493056432	0.0245639151205959
0.0191853548389343	0.0194139080383924	0.0185278217194982	0.0138951020621478	0.0222104723409931	0.0206424555602358
0.00592930732703306	0.0123969512572769	0.0129912317343267	0.0106023730496589	0.0176138648435063	0.0166695728547655
0.00505329620144156	0.0121448224712963	0.0129989761105647	0.00984914877778371	0.0159795665586922	0.0129587946571667
0.00498154920350932	0.0137833867235705	0.0165928869422535	0.0111461185036819	0.0184841404110456	0.0128866458528284
0.00472868233445953	0.0133794172710002	0.020842117511033	0.0147665306938658	0.0226838840443512	0.0156475108423449
0.00560217846110866	0.0152229109558101	0.0398686688509088	0.097602345622554	0.0386475395102443	0.0915173314153286
0.00792320241448019	0.0148977470322331	0.0643895740377111	0.120397580523729	0.0642005803373888	0.11869827693172
0.0185836257102885	0.0237149668700704	0.157511970387373	0.203667995460483	0.15823883131176	0.200447657658693
0.0312588666589889	0.0339639721023395	0.267763607720129	0.293284721016282	0.261024534565172	0.284198923326759
0.0490692162671188	0.052257609846744	0.42608193775892	0.454530270228507	0.411088187733578	0.442305858717022
0.0620334100255974	0.0641018247744503	0.539356904324926	0.556417628837001	0.513460316255178	0.536294471594959
0.0817708634768534	0.0794425468111764	0.717186759598975	0.694244399690122	0.673913114703725	0.655193289539433
0.0969708314080418	0.0901464375856015	0.852338644162229	0.788224850630671	0.770827901594089	0.704674585164571
0.115707743751075	0.107656826346298	1.02366196133034	0.948964518882634	0.888990151469468	0.801701830188496
0.131810987264857	0.120513147631519	1.17046484916246	1.06694324083897	1.02792475744114	0.921780930247589
0.145498437113309	0.124627214847076	1.29413211656616	1.10296016978268	1.07533069238511	0.943880861631856
0.154533435964691	0.126263318298341	1.37649717689962	1.11700039216938	1.08221068447802	0.940927927436619
0.153172359536824	0.123831684965094	1.36385511951101	1.09452587190038	1.07397191029701	0.936950837046601
0.157690313544447	0.128862103565634	1.40601831586821	1.14260924099907	1.14669845232381	1.01621655542192
0.16330828012094	0.136804371451669	1.45946794473838	1.21909601117655	1.23776231788656	1.12376166077912
0.164820511788297	0.138507675434659	1.47483193070168	1.23582842155542	1.29517144449157	1.17603781117371
0.167234092791733	0.143148165206964	1.4968523394986	1.27990817105703	1.37742256647938	1.22588080234057
0.15488105620226	0.134058010381658	1.38417264438088	1.19456257679008	1.29827764716954	1.13731591856501
0.142984600737052	0.126870893996853	1.27285174957217	1.12815697308979	1.2044875540342	1.05737374011081
0.144361868226678	0.125706918805247	1.28493164069317	1.11770844239281	1.2177604414592	1.04770561221832
0.143468664841092	0.123407306436875	1.27697827497188	1.09730567711777	1.19350535974752	1.01254121882442
0.140910794974763	0.119964346232712	1.25192576698759	1.0655416185913	1.15446666039192	0.986866372590755
0.133596052582211	0.111211623228086	1.18335591960531	0.983571066115155	1.07423475193677	0.906139638964769
0.127810797684582	0.101197670172508	1.12916921326026	0.88910693563045	1.0125601891165	0.822129522253844
0.109594072275563	0.0879802426997412	0.954697115080695	0.760304017162922	0.873408288715382	0.709210156295978
0.104161049633333	0.081867008258464	0.900002310707354	0.698847613196068	0.838268586415097	0.66134728428324
0.108447555303223	0.0857634915247363	0.939856631361877	0.733345109555296	0.896003054849152	0.704677231760137
0.110306897586223	0.0894873691373153	0.955957074216154	0.765316249347386	0.924845430856957	0.743340321764885
0.110630045823251	0.0933770473108971	0.959517759830384	0.800561118027311	0.939556948370967	0.785655362410021
0.115293768088887	0.0971086987367458	1.00355199835829	0.835018271027423	0.986562175075434	0.819948962100419
0.117399837340379	0.098452336227741	1.02313069759812	0.848202445998751	0.998942947170722	0.822576853919915
0.117725402465061	0.0976179379709345	1.02086437769749	0.834716900704877	0.976272725991075	0.805859659169777
0.127353750856932	0.104473949476121	1.1067053288606	0.895069353810604	1.00914395889461	0.849656937241953
0.133167221443873	0.109451735596166	1.16179069044004	0.942358892580619	1.04021616998494	0.887897802898819
0.139542177063886	0.116714586310897	1.22060077590649	1.01228035893144	1.09300868719789	0.950618071094212
0.149801102044749	0.129745233958725	1.31739606628721	1.13498151720337	1.17954382484745	1.06488978883304
0.156952578422545	0.135268172127794	1.38452031108056	1.18606549171597	1.18756413141859	1.09783459148248
0.144213656333359	0.122622887120011	1.25807541218041	1.06157231692264	1.05931381482093	0.975619561483138
0.143171967814548	0.120253022384536	1.2462509478255	1.03695127201299	1.02817819239205	0.939338590096227
0.134764301779091	0.116483045787931	1.16418086972858	0.99862791456476	1.03807069561746	0.936226895489552
0.14539295751298	0.124923872163089	1.26274204076655	1.07632822909613	1.07531389589505	0.994697452986923
0.160441350964667	0.135523082608319	1.40387523329553	1.17415421056699	1.07868691218793	1.01914320186359
0.173994488112484	0.154162244755228	1.52843044704607	1.34828231710548	1.10439596983951	1.0900027300411
0.210327890315132	0.172558407770035	1.86979979573937	1.51986642075419	1.14326833628283	1.17939802779841
0.213610689169748	0.179001055812092	1.90148641932741	1.57838877089083	1.16579675083539	1.22657177341347
0.213466834752135	0.184376698027946	1.90065964641405	1.6291953819565	1.1853205398385	1.28211379304539
0.230598826822437	0.202945777563765	2.06024035611409	1.8029639181659	1.29608307441783	1.44224431438157
0.231561673017754	0.215667478081353	2.06445232184962	1.91658081558577	1.45215591461193	1.61347371033097
0.218370409042418	0.20758145530606	1.94330093015373	1.84075742761638	1.46375757912671	1.62968723354123
0.209500996290424	0.200220791152636	1.86065005393709	1.77062022091402	1.43202085934017	1.60023235650226
0.174515654306909	0.184257609716767	1.53323994711797	1.62046027831023	1.36494912641285	1.53454817658483
0.152463627848682	0.162131839767435	1.32719483448992	1.41259740710671	1.21751617018516	1.35766760347367
0.131870024635472	0.139912667969467	1.13809043877664	1.20499134984207	1.05522670933527	1.16075120232136
0.108419933828401	0.119622276602988	0.919614222379947	1.01350484713054	0.865020858542839	0.975147230593567
0.0939743089265378	0.101950418427437	0.783462354430349	0.84481916906084	0.734224387799698	0.801756660284766
0.0778539697267148	0.0876888182495798	0.629545729988251	0.708801109829545	0.574803079629789	0.644979568979843
0.0588477889604034	0.0699703026589374	0.439970310061236	0.531733588062311	0.385619528828075	0.474650166706013
0.0513753673443849	0.0616791617822909	0.387386563451155	0.465422334175313	0.324392911142671	0.401123784934513
0.0452368838110651	0.0509986714241158	0.347920611659037	0.381655651882997	0.299752565210518	0.341489267726707
0.0418010343081022	0.0443598947016248	0.342224986873598	0.353564860126817	0.296792553704002	0.307682585730899
0.0338598600142411	0.0336847652031717	0.281555289598695	0.27448499734147	0.255629752740364	0.244783157688402
0.0303776476583096	0.0278967205476903	0.258250630876712	0.235339770290195	0.243867713807351	0.221444008313741
0.0304893782206857	0.0288362774576405	0.256778291167201	0.242245960618747	0.241072298641501	0.214535238595216
0.0274799613363198	0.0307237552836335	0.221618545680534	0.252886961803463	0.186686207601845	0.170503915051013
0.0313399766652356	0.0440102157375065	0.256250299715243	0.375322287869763	0.125989247070216	0.122948582901152
0.0425355057374193	0.0624431847006341	0.355682364273966	0.543163378612348	0.0669631351369649	0.0787352312097696
0.0568609954984607	0.0844151496545921	0.484166906462642	0.744165688138859	0.0715597157637337	0.088021548398596
0.0661343678559129	0.0974275086882836	0.564386975385044	0.859502292424733	0.0771977969298533	0.0958934515324992
0.0757295662947204	0.111448437964157	0.650354886345835	0.986738051958159	0.0883265911686051	0.105573734941623
0.0756797526164086	0.10710549458287	0.631895522581303	0.934201259856092	0.0923705958277888	0.107306328480572
0.0804870903485565	0.105125313422429	0.660578544823292	0.904643523339422	0.098474657037653	0.107599349068612
0.0810799576532982	0.0993977275874887	0.659378910744251	0.842329858888889	0.107883470520635	0.119688298374687
0.0934191506325983	0.10996417086469	0.771594800474945	0.935249085827707	0.116974730455209	0.124938906726018
0.122183908165588	0.130802908589797	0.974168204211632	1.10410688735945	0.13368266793833	0.127949906710808
0.133377787136669	0.138031655339914	1.08508592950237	1.17131631888556	0.145633825087251	0.135551562272308
0.132356701972442	0.136356731911782	1.07484906886632	1.15678325367107	0.159210095717733	0.14071793976103
0.114858362172172	0.115762467408643	0.87571076799606	0.942882736049837	0.194629300004565	0.159011563613744
0.107554672004939	0.106457445790885	0.775194464976201	0.833886654635167	0.203603720782909	0.151278820792318
0.109703018499305	0.103079910787357	0.776439787193631	0.782691408367946	0.190739156994453	0.14477487234597
0.0925352491695243	0.0855691238337945	0.600089345704409	0.587298715650817	0.209587422333752	0.151224232484197
0.0895275989137683	0.0827079820871049	0.540535358703345	0.527580672792291	0.215164362538847	0.146297341293631
0.096949467799027	0.0916479381713604	0.610819827365401	0.619090773075971	0.242999152974722	0.158429154018143
0.100328515636174	0.0943231948223963	0.671587508973014	0.657156804466705	0.233861558530168	0.150559586520781
