0.7249
fpr tpr fpr tpr fpr tpr fpr tpr fpr tpr
0.00000 0.00000 0.00000 0.00000 0.00000 0.00000 0.00000 0.00000 0.00000 0.00000
0.00000 0.00177 0.00000 0.00177 0.00000 0.00177 0.00000 0.00177 0.00000 0.00177
0.00000 0.00355 0.00000 0.00355 0.00000 0.00355 0.00000 0.00355 0.00000 0.00355
0.00000 0.00532 0.00000 0.00532 0.00000 0.00532 0.00000 0.00532 0.00000 0.00532
0.00000 0.00709 0.00000 0.00709 0.00000 0.00709 0.00000 0.00709 0.00000 0.00709
0.00000 0.00887 0.00000 0.00887 0.00000 0.00887 0.00000 0.00887 0.00000 0.00887
0.00000 0.01064 0.00000 0.01064 0.00000 0.01064 0.00000 0.01064 0.00000 0.01064
0.00000 0.01241 0.00000 0.01241 0.00000 0.01241 0.00000 0.01241 0.00177 0.01064
0.00000 0.01418 0.00177 0.01241 0.00000 0.01418 0.00000 0.01418 0.00177 0.01241
0.00177 0.01418 0.00177 0.01418 0.00000 0.01596 0.00000 0.01596 0.00177 0.01418
0.00177 0.01596 0.00355 0.01418 0.00000 0.01773 0.00000 0.01773 0.00177 0.01596
0.00355 0.01596 0.00355 0.01596 0.00000 0.01950 0.00000 0.01950 0.00177 0.01773
0.00355 0.01773 0.00532 0.01596 0.00177 0.01950 0.00000 0.02128 0.00177 0.01950
0.00355 0.01950 0.00709 0.01596 0.00355 0.01950 0.00177 0.02128 0.00177 0.02128
0.00355 0.02128 0.00709 0.01773 0.00355 0.02128 0.00177 0.02305 0.00177 0.02305
0.00532 0.02128 0.00709 0.01950 0.00355 0.02305 0.00177 0.02482 0.00177 0.02482
0.00532 0.02305 0.00709 0.02128 0.00355 0.02482 0.00177 0.02660 0.00177 0.02660
0.00532 0.02482 0.00709 0.02305 0.00355 0.02660 0.00177 0.02837 0.00177 0.02837
0.00532 0.02660 0.00709 0.02482 0.00355 0.02837 0.00177 0.03014 0.00177 0.03014
0.00532 0.02837 0.00709 0.02660 0.00532 0.02837 0.00177 0.03191 0.00177 0.03191
0.00532 0.03014 0.00709 0.02837 0.00709 0.02837 0.00177 0.03369 0.00355 0.03191
0.00532 0.03191 0.00709 0.03014 0.00709 0.03014 0.00177 0.03546 0.00355 0.03369
0.00532 0.03369 0.00709 0.03191 0.00709 0.03191 0.00355 0.03546 0.00355 0.03546
0.00532 0.03546 0.00709 0.03369 0.00709 0.03369 0.00355 0.03723 0.00355 0.03723
0.00709 0.03546 0.00709 0.03546 0.00709 0.03546 0.00532 0.03723 0.00355 0.03901
0.00709 0.03723 0.00709 0.03723 0.00709 0.03723 0.00532 0.03901 0.00355 0.04078
0.00709 0.03901 0.00709 0.03901 0.00887 0.03723 0.00532 0.04078 0.00355 0.04255
0.00709 0.04078 0.00709 0.04078 0.00887 0.03901 0.00532 0.04255 0.00532 0.04255
0.00709 0.04255 0.00709 0.04255 0.00887 0.04078 0.00709 0.04255 0.00709 0.04255
0.00709 0.04433 0.00887 0.04255 0.01064 0.04078 0.00887 0.04255 0.00709 0.04433
0.00709 0.04610 0.00887 0.04433 0.01241 0.04078 0.00887 0.04433 0.00709 0.04610
0.00887 0.04610 0.00887 0.04610 0.01241 0.04255 0.00887 0.04610 0.00709 0.04787
0.01064 0.04610 0.00887 0.04787 0.01418 0.04255 0.01064 0.04610 0.00887 0.04787
0.01241 0.04610 0.00887 0.04965 0.01418 0.04433 0.01064 0.04787 0.01064 0.04787
0.01241 0.04787 0.01064 0.04965 0.01418 0.04610 0.01064 0.04965 0.01241 0.04787
0.01241 0.04965 0.01064 0.05142 0.01596 0.04610 0.01064 0.05142 0.01241 0.04965
0.01241 0.05142 0.01064 0.05319 0.01596 0.04787 0.01241 0.05142 0.01418 0.04965
0.01241 0.05319 0.01064 0.05496 0.01596 0.04965 0.01418 0.05142 0.01418 0.05142
0.01241 0.05496 0.01064 0.05674 0.01596 0.05142 0.01418 0.05319 0.01418 0.05319
0.01418 0.05496 0.01241 0.05674 0.01773 0.05142 0.01418 0.05496 0.01418 0.05496
0.01596 0.05496 0.01241 0.05851 0.01773 0.05319 0.01418 0.05674 0.01418 0.05674
0.01773 0.05496 0.01418 0.05851 0.01773 0.05496 0.01418 0.05851 0.01596 0.05674
0.01773 0.05674 0.01596 0.05851 0.01950 0.05496 0.01418 0.06028 0.01596 0.05851
0.01773 0.05851 0.01596 0.06028 0.01950 0.05674 0.01418 0.06206 0.01773 0.05851
0.01773 0.06028 0.01596 0.06206 0.01950 0.05851 0.01418 0.06383 0.01773 0.06028
0.01773 0.06206 0.01773 0.06206 0.01950 0.06028 0.01418 0.06560 0.01773 0.06206
0.01773 0.06383 0.01773 0.06383 0.01950 0.06206 0.01418 0.06738 0.01773 0.06383
0.01950 0.06383 0.01773 0.06560 0.01950 0.06383 0.01418 0.06915 0.01773 0.06560
0.01950 0.06560 0.01773 0.06738 0.01950 0.06560 0.01596 0.06915 0.01773 0.06738
0.01950 0.06738 0.01773 0.06915 0.02128 0.06560 0.01773 0.06915 0.01773 0.06915
0.02128 0.06738 0.01950 0.06915 0.02128 0.06738 0.01950 0.06915 0.01773 0.07092
0.02128 0.06915 0.01950 0.07092 0.02128 0.06915 0.01950 0.07092 0.01773 0.07270
0.02128 0.07092 0.01950 0.07270 0.02128 0.07092 0.01950 0.07270 0.01950 0.07270
0.02128 0.07270 0.02128 0.07270 0.02128 0.07270 0.02128 0.07270 0.01950 0.07447
0.02128 0.07447 0.02128 0.07447 0.02128 0.07447 0.02305 0.07270 0.01950 0.07624
0.02128 0.07624 0.02128 0.07624 0.02128 0.07624 0.02305 0.07447 0.01950 0.07801
0.02128 0.07801 0.02305 0.07624 0.02305 0.07624 0.02305 0.07624 0.02128 0.07801
0.02128 0.07979 0.02305 0.07801 0.02482 0.07624 0.02305 0.07801 0.02305 0.07801
0.02128 0.08156 0.02305 0.07979 0.02482 0.07801 0.02305 0.07979 0.02305 0.07979
0.02128 0.08333 0.02305 0.08156 0.02482 0.07979 0.02305 0.08156 0.02305 0.08156
0.02128 0.08511 0.02482 0.08156 0.02660 0.07979 0.02305 0.08333 0.02305 0.08333
0.02128 0.08688 0.02660 0.08156 0.02660 0.08156 0.02305 0.08511 0.02305 0.08511
0.02128 0.08865 0.02660 0.08333 0.02660 0.08333 0.02305 0.08688 0.02305 0.08688
0.02128 0.09043 0.02660 0.08511 0.02660 0.08511 0.02305 0.08865 0.02305 0.08865
0.02128 0.09220 0.02660 0.08688 0.02660 0.08688 0.02305 0.09043 0.02305 0.09043
0.02128 0.09397 0.02837 0.08688 0.02837 0.08688 0.02305 0.09220 0.02305 0.09220
0.02128 0.09574 0.02837 0.08865 0.03014 0.08688 0.02482 0.09220 0.02305 0.09397
0.02128 0.09752 0.03014 0.08865 0.03014 0.08865 0.02482 0.09397 0.02305 0.09574
0.02128 0.09929 0.03014 0.09043 0.03014 0.09043 0.02482 0.09574 0.02305 0.09752
0.02128 0.10106 0.03191 0.09043 0.03014 0.09220 0.02482 0.09752 0.02482 0.09752
0.02128 0.10284 0.03369 0.09043 0.03014 0.09397 0.02482 0.09929 0.02482 0.09929
0.02305 0.10284 0.03369 0.09220 0.03191 0.09397 0.02482 0.10106 0.02660 0.09929
0.02305 0.10461 0.03369 0.09397 0.03191 0.09574 0.02482 0.10284 0.02660 0.10106
0.02305 0.10638 0.03369 0.09574 0.03191 0.09752 0.02482 0.10461 0.02660 0.10284
0.02482 0.10638 0.03369 0.09752 0.03191 0.09929 0.02482 0.10638 0.02660 0.10461
0.02482 0.10816 0.03369 0.09929 0.03191 0.10106 0.02482 0.10816 0.02660 0.10638
0.02482 0.10993 0.03369 0.10106 0.03369 0.10106 0.02482 0.10993 0.02837 0.10638
0.02482 0.11170 0.03369 0.10284 0.03369 0.10284 0.02482 0.11170 0.02837 0.10816
0.02660 0.11170 0.03369 0.10461 0.03546 0.10284 0.02482 0.11348 0.03014 0.10816
0.02660 0.11348 0.03369 0.10638 0.03546 0.10461 0.02660 0.11348 0.03014 0.10993
0.02660 0.11525 0.03369 0.10816 0.03546 0.10638 0.02660 0.11525 0.03014 0.11170
0.02660 0.11702 0.03369 0.10993 0.03546 0.10816 0.02660 0.11702 0.03014 0.11348
0.02660 0.11879 0.03546 0.10993 0.03546 0.10993 0.02660 0.11879 0.03014 0.11525
0.02660 0.12057 0.03723 0.10993 0.03546 0.11170 0.02660 0.12057 0.03191 0.11525
0.02660 0.12234 0.03723 0.11170 0.03546 0.11348 0.02660 0.12234 0.03369 0.11525
0.02660 0.12411 0.03723 0.11348 0.03546 0.11525 0.02660 0.12411 0.03369 0.11702
0.02660 0.12589 0.03723 0.11525 0.03546 0.11702 0.02837 0.12411 0.03369 0.11879
0.02837 0.12589 0.03723 0.11702 0.03546 0.11879 0.02837 0.12589 0.03546 0.11879
0.02837 0.12766 0.03723 0.11879 0.03723 0.11879 0.02837 0.12766 0.03723 0.11879
0.02837 0.12943 0.03723 0.12057 0.03723 0.12057 0.02837 0.12943 0.03901 0.11879
0.02837 0.13121 0.03723 0.12234 0.03723 0.12234 0.03014 0.12943 0.03901 0.12057
0.02837 0.13298 0.03723 0.12411 0.03901 0.12234 0.03191 0.12943 0.03901 0.12234
0.02837 0.13475 0.03723 0.12589 0.04078 0.12234 0.03191 0.13121 0.03901 0.12411
0.02837 0.13652 0.03723 0.12766 0.04255 0.12234 0.03369 0.13121 0.03901 0.12589
0.02837 0.13830 0.03723 0.12943 0.04255 0.12411 0.03369 0.13298 0.03901 0.12766
0.02837 0.14007 0.03901 0.12943 0.04255 0.12589 0.03546 0.13298 0.03901 0.12943
0.02837 0.14184 0.03901 0.13121 0.04433 0.12589 0.03723 0.13298 0.03901 0.13121
0.02837 0.14362 0.03901 0.13298 0.04610 0.12589 0.03723 0.13475 0.03901 0.13298
0.02837 0.14539 0.03901 0.13475 0.04610 0.12766 0.03723 0.13652 0.04078 0.13298
0.02837 0.14716 0.03901 0.13652 0.04610 0.12943 0.03723 0.13830 0.04255 0.13298
0.03014 0.14716 0.04078 0.13652 0.04787 0.12943 0.03723 0.14007 0.04255 0.13475
0.03014 0.14894 0.04078 0.13830 0.04787 0.13121 0.03901 0.14007 0.04255 0.13652
0.03014 0.15071 0.04078 0.14007 0.04787 0.13298 0.03901 0.14184 0.04255 0.13830
0.03014 0.15248 0.04078 0.14184 0.04787 0.13475 0.03901 0.14362 0.04255 0.14007
0.03014 0.15426 0.04078 0.14362 0.04787 0.13652 0.04078 0.14362 0.04433 0.14007
0.03191 0.15426 0.04078 0.14539 0.04787 0.13830 0.04255 0.14362 0.04433 0.14184
0.03369 0.15426 0.04078 0.14716 0.04965 0.13830 0.04255 0.14539 0.04433 0.14362
0.03546 0.15426 0.04255 0.14716 0.05142 0.13830 0.04255 0.14716 0.04610 0.14362
0.03546 0.15603 0.04255 0.14894 0.05142 0.14007 0.04255 0.14894 0.04787 0.14362
0.03546 0.15780 0.04255 0.15071 0.05142 0.14184 0.04255 0.15071 0.04787 0.14539
0.03723 0.15780 0.04255 0.15248 0.05319 0.14184 0.04255 0.15248 0.04965 0.14539
0.03901 0.15780 0.04255 0.15426 0.05319 0.14362 0.04433 0.15248 0.04965 0.14716
0.03901 0.15957 0.04255 0.15603 0.05319 0.14539 0.04433 0.15426 0.05142 0.14716
0.04078 0.15957 0.04255 0.15780 0.05319 0.14716 0.04610 0.15426 0.05142 0.14894
0.04255 0.15957 0.04255 0.15957 0.05319 0.14894 0.04610 0.15603 0.05142 0.15071
0.04255 0.16135 0.04255 0.16135 0.05496 0.14894 0.04610 0.15780 0.05142 0.15248
0.04255 0.16312 0.04255 0.16312 0.05496 0.15071 0.04610 0.15957 0.05142 0.15426
0.04255 0.16489 0.04433 0.16312 0.05496 0.15248 0.04610 0.16135 0.05142 0.15603
0.04433 0.16489 0.04610 0.16312 0.05674 0.15248 0.04610 0.16312 0.05319 0.15603
0.04433 0.16667 0.04610 0.16489 0.05674 0.15426 0.04610 0.16489 0.05319 0.15780
0.04433 0.16844 0.04610 0.16667 0.05674 0.15603 0.04787 0.16489 0.05496 0.15780
0.04433 0.17021 0.04610 0.16844 0.05674 0.15780 0.04787 0.16667 0.05674 0.15780
0.04610 0.17021 0.04610 0.17021 0.05674 0.15957 0.04965 0.16667 0.05674 0.15957
0.04610 0.17199 0.04610 0.17199 0.05674 0.16135 0.04965 0.16844 0.05674 0.16135
0.04787 0.17199 0.04610 0.17376 0.05851 0.16135 0.05142 0.16844 0.05674 0.16312
0.04787 0.17376 0.04610 0.17553 0.05851 0.16312 0.05142 0.17021 0.05674 0.16489
0.04965 0.17376 0.04610 0.17730 0.05851 0.16489 0.05319 0.17021 0.05674 0.16667
0.04965 0.17553 0.04787 0.17730 0.05851 0.16667 0.05319 0.17199 0.05674 0.16844
0.04965 0.17730 0.04965 0.17730 0.05851 0.16844 0.05319 0.17376 0.05674 0.17021
0.04965 0.17908 0.04965 0.17908 0.05851 0.17021 0.05319 0.17553 0.05674 0.17199
0.05142 0.17908 0.05142 0.17908 0.06028 0.17021 0.05319 0.17730 0.05674 0.17376
0.05142 0.18085 0.05142 0.18085 0.06028 0.17199 0.05496 0.17730 0.05674 0.17553
0.05142 0.18262 0.05319 0.18085 0.06206 0.17199 0.05674 0.17730 0.05674 0.17730
0.05142 0.18440 0.05319 0.18262 0.06383 0.17199 0.05674 0.17908 0.05851 0.17730
0.05142 0.18617 0.05319 0.18440 0.06383 0.17376 0.05851 0.17908 0.06028 0.17730
0.05142 0.18794 0.05319 0.18617 0.06383 0.17553 0.05851 0.18085 0.06206 0.17730
0.05142 0.18972 0.05319 0.18794 0.06383 0.17730 0.05851 0.18262 0.06206 0.17908
0.05142 0.19149 0.05319 0.18972 0.06383 0.17908 0.05851 0.18440 0.06206 0.18085
0.05142 0.19326 0.05496 0.18972 0.06383 0.18085 0.05851 0.18617 0.06383 0.18085
0.05142 0.19504 0.05496 0.19149 0.06383 0.18262 0.06028 0.18617 0.06560 0.18085
0.05319 0.19504 0.05496 0.19326 0.06560 0.18262 0.06028 0.18794 0.06560 0.18262
0.05496 0.19504 0.05674 0.19326 0.06738 0.18262 0.06028 0.18972 0.06738 0.18262
0.05674 0.19504 0.05674 0.19504 0.06915 0.18262 0.06028 0.19149 0.06738 0.18440
0.05851 0.19504 0.05674 0.19681 0.06915 0.18440 0.06028 0.19326 0.06915 0.18440
0.05851 0.19681 0.05851 0.19681 0.06915 0.18617 0.06028 0.19504 0.07092 0.18440
0.05851 0.19858 0.06028 0.19681 0.06915 0.18794 0.06028 0.19681 0.07092 0.18617
0.05851 0.20035 0.06028 0.19858 0.06915 0.18972 0.06028 0.19858 0.07270 0.18617
0.05851 0.20213 0.06206 0.19858 0.06915 0.19149 0.06206 0.19858 0.07270 0.18794
0.05851 0.20390 0.06206 0.20035 0.06915 0.19326 0.06206 0.20035 0.07447 0.18794
0.05851 0.20567 0.06206 0.20213 0.06915 0.19504 0.06206 0.20213 0.07447 0.18972
0.06028 0.20567 0.06206 0.20390 0.06915 0.19681 0.06206 0.20390 0.07447 0.19149
0.06028 0.20745 0.06383 0.20390 0.06915 0.19858 0.06206 0.20567 0.07624 0.19149
0.06028 0.20922 0.06383 0.20567 0.07092 0.19858 0.06383 0.20567 0.07624 0.19326
0.06206 0.20922 0.06383 0.20745 0.07270 0.19858 0.06383 0.20745 0.07801 0.19326
0.06383 0.20922 0.06383 0.20922 0.07270 0.20035 0.06383 0.20922 0.07801 0.19504
0.06383 0.21099 0.06560 0.20922 0.07447 0.20035 0.06560 0.20922 0.07801 0.19681
0.06383 0.21277 0.06560 0.21099 0.07447 0.20213 0.06738 0.20922 0.07801 0.19858
0.06560 0.21277 0.06560 0.21277 0.07447 0.20390 0.06738 0.21099 0.07801 0.20035
0.06738 0.21277 0.06560 0.21454 0.07624 0.20390 0.06738 0.21277 0.07801 0.20213
0.06738 0.21454 0.06560 0.21631 0.07624 0.20567 0.06738 0.21454 0.07801 0.20390
0.06738 0.21631 0.06738 0.21631 0.07624 0.20745 0.06738 0.21631 0.07979 0.20390
0.06738 0.21809 0.06738 0.21809 0.07624 0.20922 0.06915 0.21631 0.07979 0.20567
0.06738 0.21986 0.06738 0.21986 0.07624 0.21099 0.06915 0.21809 0.07979 0.20745
0.06738 0.22163 0.06915 0.21986 0.07624 0.21277 0.06915 0.21986 0.07979 0.20922
0.06738 0.22340 0.07092 0.21986 0.07624 0.21454 0.07092 0.21986 0.07979 0.21099
0.06915 0.22340 0.07092 0.22163 0.07624 0.21631 0.07270 0.21986 0.07979 0.21277
0.06915 0.22518 0.07092 0.22340 0.07624 0.21809 0.07447 0.21986 0.07979 0.21454
0.06915 0.22695 0.07092 0.22518 0.07624 0.21986 0.07447 0.22163 0.07979 0.21631
0.07092 0.22695 0.07092 0.22695 0.07801 0.21986 0.07447 0.22340 0.08156 0.21631
0.07270 0.22695 0.07092 0.22872 0.07801 0.22163 0.07447 0.22518 0.08156 0.21809
0.07270 0.22872 0.07092 0.23050 0.07801 0.22340 0.07624 0.22518 0.08156 0.21986
0.07270 0.23050 0.07092 0.23227 0.07979 0.22340 0.07801 0.22518 0.08156 0.22163
0.07447 0.23050 0.07270 0.23227 0.08156 0.22340 0.07979 0.22518 0.08156 0.22340
0.07624 0.23050 0.07270 0.23404 0.08156 0.22518 0.08156 0.22518 0.08333 0.22340
0.07624 0.23227 0.07270 0.23582 0.08333 0.22518 0.08333 0.22518 0.08333 0.22518
0.07624 0.23404 0.07270 0.23759 0.08333 0.22695 0.08333 0.22695 0.08333 0.22695
0.07801 0.23404 0.07270 0.23936 0.08511 0.22695 0.08333 0.22872 0.08511 0.22695
0.07801 0.23582 0.07270 0.24113 0.08511 0.22872 0.08333 0.23050 0.08511 0.22872
0.07801 0.23759 0.07270 0.24291 0.08511 0.23050 0.08333 0.23227 0.08511 0.23050
0.07801 0.23936 0.07447 0.24291 0.08511 0.23227 0.08511 0.23227 0.08688 0.23050
0.07801 0.24113 0.07447 0.24468 0.08688 0.23227 0.08511 0.23404 0.08688 0.23227
0.07801 0.24291 0.07447 0.24645 0.08865 0.23227 0.08511 0.23582 0.08865 0.23227
0.07801 0.24468 0.07624 0.24645 0.08865 0.23404 0.08511 0.23759 0.08865 0.23404
0.07979 0.24468 0.07624 0.24823 0.09043 0.23404 0.08688 0.23759 0.09043 0.23404
0.08156 0.24468 0.07624 0.25000 0.09043 0.23582 0.08865 0.23759 0.09043 0.23582
0.08333 0.24468 0.07801 0.25000 0.09043 0.23759 0.08865 0.23936 0.09043 0.23759
0.08333 0.24645 0.07801 0.25177 0.09043 0.23936 0.08865 0.24113 0.09220 0.23759
0.08333 0.24823 0.07801 0.25355 0.09043 0.24113 0.08865 0.24291 0.09220 0.23936
0.08333 0.25000 0.07979 0.25355 0.09043 0.24291 0.08865 0.24468 0.09397 0.23936
0.08511 0.25000 0.08156 0.25355 0.09043 0.24468 0.08865 0.24645 0.09397 0.24113
0.08511 0.25177 0.08156 0.25532 0.09220 0.24468 0.08865 0.24823 0.09574 0.24113
0.08511 0.25355 0.08333 0.25532 0.09397 0.24468 0.08865 0.25000 0.09574 0.24291
0.08688 0.25355 0.08333 0.25709 0.09397 0.24645 0.08865 0.25177 0.09574 0.24468
0.08688 0.25532 0.08333 0.25887 0.09574 0.24645 0.08865 0.25355 0.09752 0.24468
0.08688 0.25709 0.08511 0.25887 0.09574 0.24823 0.08865 0.25532 0.09929 0.24468
0.08865 0.25709 0.08511 0.26064 0.09574 0.25000 0.08865 0.25709 0.09929 0.24645
0.08865 0.25887 0.08688 0.26064 0.09574 0.25177 0.08865 0.25887 0.09929 0.24823
0.08865 0.26064 0.08865 0.26064 0.09574 0.25355 0.08865 0.26064 0.09929 0.25000
0.08865 0.26241 0.09043 0.26064 0.09574 0.25532 0.08865 0.26241 0.09929 0.25177
0.09043 0.26241 0.09043 0.26241 0.09574 0.25709 0.08865 0.26418 0.10106 0.25177
0.09220 0.26241 0.09043 0.26418 0.09752 0.25709 0.08865 0.26596 0.10106 0.25355
0.09220 0.26418 0.09220 0.26418 0.09929 0.25709 0.08865 0.26773 0.10106 0.25532
0.09220 0.26596 0.09397 0.26418 0.09929 0.25887 0.08865 0.26950 0.10284 0.25532
0.09220 0.26773 0.09574 0.26418 0.09929 0.26064 0.08865 0.27128 0.10284 0.25709
0.09220 0.26950 0.09574 0.26596 0.09929 0.26241 0.08865 0.27305 0.10284 0.25887
0.09220 0.27128 0.09574 0.26773 0.10106 0.26241 0.08865 0.27482 0.10284 0.26064
0.09220 0.27305 0.09574 0.26950 0.10106 0.26418 0.09043 0.27482 0.10461 0.26064
0.09397 0.27305 0.09574 0.27128 0.10106 0.26596 0.09043 0.27660 0.10461 0.26241
0.09397 0.27482 0.09574 0.27305 0.10106 0.26773 0.09043 0.27837 0.10461 0.26418
0.09397 0.27660 0.09574 0.27482 0.10284 0.26773 0.09220 0.27837 0.10461 0.26596
0.09574 0.27660 0.09752 0.27482 0.10284 0.26950 0.09220 0.28014 0.10461 0.26773
0.09574 0.27837 0.09752 0.27660 0.10284 0.27128 0.09220 0.28191 0.10461 0.26950
0.09574 0.28014 0.09752 0.27837 0.10284 0.27305 0.09220 0.28369 0.10461 0.27128
0.09574 0.28191 0.09752 0.28014 0.10284 0.27482 0.09220 0.28546 0.10461 0.27305
0.09752 0.28191 0.09752 0.28191 0.10284 0.27660 0.09220 0.28723 0.10461 0.27482
0.09752 0.28369 0.09752 0.28369 0.10284 0.27837 0.09220 0.28901 0.10638 0.27482
0.09752 0.28546 0.09752 0.28546 0.10284 0.28014 0.09397 0.28901 0.10638 0.27660
0.09752 0.28723 0.09752 0.28723 0.10284 0.28191 0.09574 0.28901 0.10638 0.27837
0.09752 0.28901 0.09752 0.28901 0.10284 0.28369 0.09752 0.28901 0.10638 0.28014
0.09929 0.28901 0.09752 0.29078 0.10284 0.28546 0.09752 0.29078 0.10816 0.28014
0.09929 0.29078 0.09752 0.29255 0.10284 0.28723 0.09752 0.29255 0.10993 0.28014
0.09929 0.29255 0.09752 0.29433 0.10284 0.28901 0.09752 0.29433 0.11170 0.28014
0.10106 0.29255 0.09752 0.29610 0.10284 0.29078 0.09752 0.29610 0.11170 0.28191
0.10106 0.29433 0.09929 0.29610 0.10284 0.29255 0.09929 0.29610 0.11170 0.28369
0.10106 0.29610 0.10106 0.29610 0.10461 0.29255 0.09929 0.29787 0.11170 0.28546
0.10106 0.29787 0.10106 0.29787 0.10461 0.29433 0.09929 0.29965 0.11348 0.28546
0.10284 0.29787 0.10106 0.29965 0.10461 0.29610 0.09929 0.30142 0.11348 0.28723
0.10284 0.29965 0.10106 0.30142 0.10461 0.29787 0.10106 0.30142 0.11348 0.28901
0.10461 0.29965 0.10106 0.30319 0.10461 0.29965 0.10106 0.30319 0.11348 0.29078
0.10638 0.29965 0.10106 0.30496 0.10461 0.30142 0.10284 0.30319 0.11348 0.29255
0.10816 0.29965 0.10106 0.30674 0.10461 0.30319 0.10461 0.30319 0.11348 0.29433
0.10816 0.30142 0.10106 0.30851 0.10461 0.30496 0.10461 0.30496 0.11525 0.29433
0.10816 0.30319 0.10106 0.31028 0.10461 0.30674 0.10461 0.30674 0.11525 0.29610
0.10993 0.30319 0.10106 0.31206 0.10461 0.30851 0.10461 0.30851 0.11525 0.29787
0.11170 0.30319 0.10284 0.31206 0.10461 0.31028 0.10461 0.31028 0.11525 0.29965
0.11170 0.30496 0.10284 0.31383 0.10461 0.31206 0.10461 0.31206 0.11525 0.30142
0.11170 0.30674 0.10284 0.31560 0.10638 0.31206 0.10461 0.31383 0.11525 0.30319
0.11170 0.30851 0.10284 0.31738 0.10638 0.31383 0.10461 0.31560 0.11702 0.30319
0.11170 0.31028 0.10284 0.31915 0.10816 0.31383 0.10461 0.31738 0.11879 0.30319
0.11348 0.31028 0.10461 0.31915 0.10816 0.31560 0.10461 0.31915 0.12057 0.30319
0.11348 0.31206 0.10638 0.31915 0.10816 0.31738 0.10638 0.31915 0.12057 0.30496
0.11525 0.31206 0.10816 0.31915 0.10816 0.31915 0.10638 0.32092 0.12057 0.30674
0.11702 0.31206 0.10816 0.32092 0.10816 0.32092 0.10638 0.32270 0.12234 0.30674
0.11879 0.31206 0.10816 0.32270 0.10993 0.32092 0.10816 0.32270 0.12234 0.30851
0.11879 0.31383 0.10816 0.32447 0.10993 0.32270 0.10993 0.32270 0.12411 0.30851
0.11879 0.31560 0.10816 0.32624 0.10993 0.32447 0.10993 0.32447 0.12589 0.30851
0.11879 0.31738 0.10993 0.32624 0.10993 0.32624 0.10993 0.32624 0.12589 0.31028
0.11879 0.31915 0.10993 0.32801 0.10993 0.32801 0.10993 0.32801 0.12589 0.31206
0.11879 0.32092 0.10993 0.32979 0.11170 0.32801 0.10993 0.32979 0.12589 0.31383
0.11879 0.32270 0.10993 0.33156 0.11348 0.32801 0.11170 0.32979 0.12589 0.31560
0.12057 0.32270 0.10993 0.33333 0.11348 0.32979 0.11170 0.33156 0.12766 0.31560
0.12057 0.32447 0.10993 0.33511 0.11348 0.33156 0.11348 0.33156 0.12766 0.31738
0.12234 0.32447 0.10993 0.33688 0.11348 0.33333 0.11348 0.33333 0.12766 0.31915
0.12234 0.32624 0.10993 0.33865 0.11348 0.33511 0.11348 0.33511 0.12766 0.32092
0.12411 0.32624 0.10993 0.34043 0.11525 0.33511 0.11348 0.33688 0.12943 0.32092
0.12411 0.32801 0.11170 0.34043 0.11525 0.33688 0.11348 0.33865 0.12943 0.32270
0.12411 0.32979 0.11348 0.34043 0.11525 0.33865 0.11525 0.33865 0.12943 0.32447
0.12411 0.33156 0.11348 0.34220 0.11525 0.34043 0.11702 0.33865 0.12943 0.32624
0.12411 0.33333 0.11348 0.34397 0.11525 0.34220 0.11879 0.33865 0.12943 0.32801
0.12411 0.33511 0.11525 0.34397 0.11525 0.34397 0.11879 0.34043 0.12943 0.32979
0.12411 0.33688 0.11525 0.34574 0.11702 0.34397 0.11879 0.34220 0.12943 0.33156
0.12411 0.33865 0.11525 0.34752 0.11879 0.34397 0.12057 0.34220 0.12943 0.33333
0.12589 0.33865 0.11702 0.34752 0.11879 0.34574 0.12057 0.34397 0.13121 0.33333
0.12589 0.34043 0.11702 0.34929 0.11879 0.34752 0.12057 0.34574 0.13121 0.33511
0.12589 0.34220 0.11702 0.35106 0.12057 0.34752 0.12057 0.34752 0.13121 0.33688
0.12766 0.34220 0.11702 0.35284 0.12234 0.34752 0.12234 0.34752 0.13121 0.33865
0.12943 0.34220 0.11879 0.35284 0.12234 0.34929 0.12234 0.34929 0.13121 0.34043
0.12943 0.34397 0.12057 0.35284 0.12411 0.34929 0.12234 0.35106 0.13121 0.34220
0.12943 0.34574 0.12057 0.35461 0.12411 0.35106 0.12411 0.35106 0.13298 0.34220
0.12943 0.34752 0.12234 0.35461 0.12411 0.35284 0.12411 0.35284 0.13298 0.34397
0.13121 0.34752 0.12234 0.35638 0.12589 0.35284 0.12589 0.35284 0.13475 0.34397
0.13298 0.34752 0.12234 0.35816 0.12589 0.35461 0.12589 0.35461 0.13475 0.34574
0.13475 0.34752 0.12234 0.35993 0.12766 0.35461 0.12589 0.35638 0.13652 0.34574
0.13475 0.34929 0.12234 0.36170 0.12766 0.35638 0.12589 0.35816 0.13652 0.34752
0.13475 0.35106 0.12234 0.36348 0.12766 0.35816 0.12766 0.35816 0.13830 0.34752
0.13475 0.35284 0.12234 0.36525 0.12943 0.35816 0.12943 0.35816 0.13830 0.34929
0.13475 0.35461 0.12234 0.36702 0.12943 0.35993 0.12943 0.35993 0.13830 0.35106
0.13475 0.35638 0.12411 0.36702 0.13121 0.35993 0.12943 0.36170 0.14007 0.35106
0.13475 0.35816 0.12411 0.36879 0.13298 0.35993 0.12943 0.36348 0.14007 0.35284
0.13475 0.35993 0.12589 0.36879 0.13298 0.36170 0.12943 0.36525 0.14184 0.35284
0.13652 0.35993 0.12589 0.37057 0.13298 0.36348 0.13121 0.36525 0.14362 0.35284
0.13652 0.36170 0.12766 0.37057 0.13475 0.36348 0.13298 0.36525 0.14539 0.35284
0.13652 0.36348 0.12766 0.37234 0.13475 0.36525 0.13298 0.36702 0.14716 0.35284
0.13652 0.36525 0.12943 0.37234 0.13475 0.36702 0.13298 0.36879 0.14716 0.35461
0.13830 0.36525 0.13121 0.37234 0.13652 0.36702 0.13475 0.36879 0.14894 0.35461
0.14007 0.36525 0.13121 0.37411 0.13652 0.36879 0.13475 0.37057 0.14894 0.35638
0.14007 0.36702 0.13298 0.37411 0.13652 0.37057 0.13652 0.37057 0.14894 0.35816
0.14184 0.36702 0.13298 0.37589 0.13830 0.37057 0.13830 0.37057 0.14894 0.35993
0.14184 0.36879 0.13298 0.37766 0.13830 0.37234 0.14007 0.37057 0.15071 0.35993
0.14184 0.37057 0.13298 0.37943 0.13830 0.37411 0.14184 0.37057 0.15248 0.35993
0.14184 0.37234 0.13475 0.37943 0.13830 0.37589 0.14184 0.37234 0.15248 0.36170
0.14184 0.37411 0.13475 0.38121 0.13830 0.37766 0.14184 0.37411 0.15248 0.36348
0.14184 0.37589 0.13652 0.38121 0.13830 0.37943 0.14362 0.37411 0.15248 0.36525
0.14184 0.37766 0.13830 0.38121 0.13830 0.38121 0.14362 0.37589 0.15248 0.36702
0.14184 0.37943 0.13830 0.38298 0.13830 0.38298 0.14362 0.37766 0.15248 0.36879
0.14184 0.38121 0.14007 0.38298 0.14007 0.38298 0.14362 0.37943 0.15248 0.37057
0.14362 0.38121 0.14184 0.38298 0.14184 0.38298 0.14362 0.38121 0.15248 0.37234
0.14539 0.38121 0.14184 0.38475 0.14362 0.38298 0.14539 0.38121 0.15248 0.37411
0.14539 0.38298 0.14184 0.38652 0.14362 0.38475 0.14539 0.38298 0.15248 0.37589
0.14539 0.38475 0.14184 0.38830 0.14362 0.38652 0.14539 0.38475 0.15426 0.37589
0.14539 0.38652 0.14362 0.38830 0.14362 0.38830 0.14539 0.38652 0.15426 0.37766
0.14539 0.38830 0.14539 0.38830 0.14362 0.39007 0.14716 0.38652 0.15603 0.37766
0.14539 0.39007 0.14539 0.39007 0.14539 0.39007 0.14716 0.38830 0.15780 0.37766
0.14716 0.39007 0.14716 0.39007 0.14539 0.39184 0.14894 0.38830 0.15780 0.37943
0.14716 0.39184 0.14894 0.39007 0.14539 0.39362 0.14894 0.39007 0.15780 0.38121
0.14716 0.39362 0.14894 0.39184 0.14539 0.39539 0.15071 0.39007 0.15957 0.38121
0.14716 0.39539 0.14894 0.39362 0.14539 0.39716 0.15071 0.39184 0.16135 0.38121
0.14894 0.39539 0.14894 0.39539 0.14539 0.39894 0.15071 0.39362 0.16135 0.38298
0.15071 0.39539 0.14894 0.39716 0.14539 0.40071 0.15071 0.39539 0.16135 0.38475
0.15248 0.39539 0.14894 0.39894 0.14539 0.40248 0.15071 0.39716 0.16135 0.38652
0.15426 0.39539 0.14894 0.40071 0.14716 0.40248 0.15071 0.39894 0.16135 0.38830
0.15426 0.39716 0.15071 0.40071 0.14716 0.40426 0.15071 0.40071 0.16135 0.39007
0.15603 0.39716 0.15248 0.40071 0.14894 0.40426 0.15071 0.40248 0.16135 0.39184
0.15603 0.39894 0.15248 0.40248 0.15071 0.40426 0.15248 0.40248 0.16135 0.39362
0.15603 0.40071 0.15426 0.40248 0.15248 0.40426 0.15248 0.40426 0.16312 0.39362
0.15603 0.40248 0.15426 0.40426 0.15248 0.40603 0.15426 0.40426 0.16312 0.39539
0.15780 0.40248 0.15426 0.40603 0.15248 0.40780 0.15426 0.40603 0.16312 0.39716
0.15780 0.40426 0.15426 0.40780 0.15426 0.40780 0.15426 0.40780 0.16489 0.39716
0.15957 0.40426 0.15603 0.40780 0.15426 0.40957 0.15426 0.40957 0.16667 0.39716
0.15957 0.40603 0.15780 0.40780 0.15426 0.41135 0.15603 0.40957 0.16844 0.39716
0.16135 0.40603 0.15957 0.40780 0.15426 0.41312 0.15780 0.40957 0.16844 0.39894
0.16312 0.40603 0.16135 0.40780 0.15603 0.41312 0.15957 0.40957 0.16844 0.40071
0.16489 0.40603 0.16312 0.40780 0.15780 0.41312 0.16135 0.40957 0.17021 0.40071
0.16489 0.40780 0.16489 0.40780 0.15957 0.41312 0.16135 0.41135 0.17199 0.40071
0.16489 0.40957 0.16667 0.40780 0.16135 0.41312 0.16135 0.41312 0.17199 0.40248
0.16489 0.41135 0.16667 0.40957 0.16312 0.41312 0.16135 0.41489 0.17199 0.40426
0.16667 0.41135 0.16844 0.40957 0.16489 0.41312 0.16312 0.41489 0.17376 0.40426
0.16667 0.41312 0.16844 0.41135 0.16489 0.41489 0.16312 0.41667 0.17376 0.40603
0.16844 0.41312 0.17021 0.41135 0.16667 0.41489 0.16312 0.41844 0.17376 0.40780
0.16844 0.41489 0.17199 0.41135 0.16667 0.41667 0.16312 0.42021 0.17553 0.40780
0.17021 0.41489 0.17199 0.41312 0.16667 0.41844 0.16312 0.42199 0.17553 0.40957
0.17021 0.41667 0.17376 0.41312 0.16667 0.42021 0.16489 0.42199 0.17730 0.40957
0.17021 0.41844 0.17376 0.41489 0.16667 0.42199 0.16489 0.42376 0.17730 0.41135
0.17021 0.42021 0.17553 0.41489 0.16667 0.42376 0.16489 0.42553 0.17730 0.41312
0.17199 0.42021 0.17730 0.41489 0.16667 0.42553 0.16489 0.42730 0.17730 0.41489
0.17199 0.42199 0.17730 0.41667 0.16844 0.42553 0.16489 0.42908 0.17908 0.41489
0.17199 0.42376 0.17730 0.41844 0.16844 0.42730 0.16667 0.42908 0.18085 0.41489
0.17199 0.42553 0.17730 0.42021 0.16844 0.42908 0.16667 0.43085 0.18085 0.41667
0.17376 0.42553 0.17908 0.42021 0.16844 0.43085 0.16667 0.43262 0.18262 0.41667
0.17376 0.42730 0.18085 0.42021 0.16844 0.43262 0.16844 0.43262 0.18440 0.41667
0.17376 0.42908 0.18262 0.42021 0.17021 0.43262 0.16844 0.43440 0.18440 0.41844
0.17553 0.42908 0.18440 0.42021 0.17021 0.43440 0.16844 0.43617 0.18617 0.41844
0.17730 0.42908 0.18617 0.42021 0.17021 0.43617 0.16844 0.43794 0.18617 0.42021
0.17730 0.43085 0.18794 0.42021 0.17021 0.43794 0.17021 0.43794 0.18617 0.42199
0.17908 0.43085 0.18794 0.42199 0.17021 0.43972 0.17021 0.43972 0.18794 0.42199
0.18085 0.43085 0.18794 0.42376 0.17199 0.43972 0.17021 0.44149 0.18794 0.42376
0.18262 0.43085 0.18972 0.42376 0.17199 0.44149 0.17021 0.44326 0.18794 0.42553
0.18262 0.43262 0.19149 0.42376 0.17199 0.44326 0.17021 0.44504 0.18794 0.42730
0.18440 0.43262 0.19149 0.42553 0.17199 0.44504 0.17021 0.44681 0.18794 0.42908
0.18617 0.43262 0.19326 0.42553 0.17199 0.44681 0.17199 0.44681 0.18794 0.43085
0.18794 0.43262 0.19326 0.42730 0.17199 0.44858 0.17199 0.44858 0.18972 0.43085
0.18794 0.43440 0.19504 0.42730 0.17199 0.45035 0.17199 0.45035 0.18972 0.43262
0.18794 0.43617 0.19504 0.42908 0.17376 0.45035 0.17376 0.45035 0.18972 0.43440
0.18794 0.43794 0.19504 0.43085 0.17376 0.45213 0.17376 0.45213 0.18972 0.43617
0.18794 0.43972 0.19681 0.43085 0.17376 0.45390 0.17376 0.45390 0.18972 0.43794
0.18794 0.44149 0.19858 0.43085 0.17376 0.45567 0.17553 0.45390 0.18972 0.43972
0.18794 0.44326 0.20035 0.43085 0.17553 0.45567 0.17553 0.45567 0.18972 0.44149
0.18972 0.44326 0.20035 0.43262 0.17553 0.45745 0.17553 0.45745 0.18972 0.44326
0.18972 0.44504 0.20213 0.43262 0.17553 0.45922 0.17730 0.45745 0.18972 0.44504
0.19149 0.44504 0.20213 0.43440 0.17553 0.46099 0.17908 0.45745 0.18972 0.44681
0.19326 0.44504 0.20213 0.43617 0.17553 0.46277 0.17908 0.45922 0.18972 0.44858
0.19326 0.44681 0.20213 0.43794 0.17553 0.46454 0.18085 0.45922 0.18972 0.45035
0.19326 0.44858 0.20390 0.43794 0.17553 0.46631 0.18262 0.45922 0.18972 0.45213
0.19326 0.45035 0.20390 0.43972 0.17553 0.46809 0.18440 0.45922 0.19149 0.45213
0.19504 0.45035 0.20567 0.43972 0.17553 0.46986 0.18440 0.46099 0.19149 0.45390
0.19504 0.45213 0.20567 0.44149 0.17553 0.47163 0.18617 0.46099 0.19149 0.45567
0.19681 0.45213 0.20567 0.44326 0.17553 0.47340 0.18794 0.46099 0.19326 0.45567
0.19681 0.45390 0.20567 0.44504 0.17553 0.47518 0.18794 0.46277 0.19504 0.45567
0.19681 0.45567 0.20567 0.44681 0.17553 0.47695 0.18972 0.46277 0.19504 0.45745
0.19858 0.45567 0.20567 0.44858 0.17553 0.47872 0.18972 0.46454 0.19504 0.45922
0.19858 0.45745 0.20567 0.45035 0.17553 0.48050 0.18972 0.46631 0.19504 0.46099
0.19858 0.45922 0.20567 0.45213 0.17553 0.48227 0.18972 0.46809 0.19681 0.46099
0.19858 0.46099 0.20745 0.45213 0.17553 0.48404 0.19149 0.46809 0.19681 0.46277
0.19858 0.46277 0.20922 0.45213 0.17553 0.48582 0.19149 0.46986 0.19858 0.46277
0.19858 0.46454 0.20922 0.45390 0.17553 0.48759 0.19326 0.46986 0.19858 0.46454
0.20035 0.46454 0.21099 0.45390 0.17553 0.48936 0.19504 0.46986 0.19858 0.46631
0.20035 0.46631 0.21099 0.45567 0.17553 0.49113 0.19504 0.47163 0.19858 0.46809
0.20035 0.46809 0.21277 0.45567 0.17730 0.49113 0.19504 0.47340 0.19858 0.46986
0.20035 0.46986 0.21277 0.45745 0.17730 0.49291 0.19504 0.47518 0.20035 0.46986
0.20213 0.46986 0.21277 0.45922 0.17730 0.49468 0.19504 0.47695 0.20035 0.47163
0.20390 0.46986 0.21277 0.46099 0.17908 0.49468 0.19681 0.47695 0.20035 0.47340
0.20390 0.47163 0.21277 0.46277 0.17908 0.49645 0.19858 0.47695 0.20213 0.47340
0.20567 0.47163 0.21277 0.46454 0.18085 0.49645 0.20035 0.47695 0.20213 0.47518
0.20745 0.47163 0.21277 0.46631 0.18262 0.49645 0.20035 0.47872 0.20213 0.47695
0.20922 0.47163 0.21277 0.46809 0.18262 0.49823 0.20213 0.47872 0.20213 0.47872
0.20922 0.47340 0.21277 0.46986 0.18440 0.49823 0.20213 0.48050 0.20390 0.47872
0.20922 0.47518 0.21277 0.47163 0.18440 0.50000 0.20213 0.48227 0.20390 0.48050
0.21099 0.47518 0.21454 0.47163 0.18440 0.50177 0.20213 0.48404 0.20567 0.48050
0.21277 0.47518 0.21631 0.47163 0.18617 0.50177 0.20213 0.48582 0.20567 0.48227
0.21277 0.47695 0.21809 0.47163 0.18794 0.50177 0.20390 0.48582 0.20567 0.48404
0.21277 0.47872 0.21809 0.47340 0.18972 0.50177 0.20390 0.48759 0.20567 0.48582
0.21277 0.48050 0.21809 0.47518 0.19149 0.50177 0.20390 0.48936 0.20745 0.48582
0.21454 0.48050 0.21986 0.47518 0.19326 0.50177 0.20390 0.49113 0.20745 0.48759
0.21454 0.48227 0.21986 0.47695 0.19326 0.50355 0.20567 0.49113 0.20745 0.48936
0.21454 0.48404 0.21986 0.47872 0.19326 0.50532 0.20567 0.49291 0.20922 0.48936
0.21631 0.48404 0.21986 0.48050 0.19504 0.50532 0.20567 0.49468 0.20922 0.49113
0.21809 0.48404 0.21986 0.48227 0.19681 0.50532 0.20567 0.49645 0.20922 0.49291
0.21809 0.48582 0.21986 0.48404 0.19681 0.50709 0.20745 0.49645 0.21099 0.49291
0.21809 0.48759 0.21986 0.48582 0.19858 0.50709 0.20745 0.49823 0.21099 0.49468
0.21809 0.48936 0.21986 0.48759 0.19858 0.50887 0.20745 0.50000 0.21277 0.49468
0.21809 0.49113 0.21986 0.48936 0.19858 0.51064 0.20745 0.50177 0.21277 0.49645
0.21809 0.49291 0.21986 0.49113 0.19858 0.51241 0.20745 0.50355 0.21277 0.49823
0.21986 0.49291 0.21986 0.49291 0.19858 0.51418 0.20745 0.50532 0.21277 0.50000
0.21986 0.49468 0.22163 0.49291 0.20035 0.51418 0.20745 0.50709 0.21277 0.50177
0.21986 0.49645 0.22163 0.49468 0.20213 0.51418 0.20745 0.50887 0.21277 0.50355
0.21986 0.49823 0.22163 0.49645 0.20213 0.51596 0.20745 0.51064 0.21454 0.50355
0.22163 0.49823 0.22163 0.49823 0.20390 0.51596 0.20745 0.51241 0.21454 0.50532
0.22163 0.50000 0.22163 0.50000 0.20567 0.51596 0.20745 0.51418 0.21454 0.50709
0.22163 0.50177 0.22340 0.50000 0.20567 0.51773 0.20922 0.51418 0.21454 0.50887
0.22163 0.50355 0.22340 0.50177 0.20745 0.51773 0.20922 0.51596 0.21631 0.50887
0.22163 0.50532 0.22340 0.50355 0.20745 0.51950 0.21099 0.51596 0.21809 0.50887
0.22163 0.50709 0.22340 0.50532 0.20745 0.52128 0.21277 0.51596 0.21809 0.51064
0.22163 0.50887 0.22340 0.50709 0.20745 0.52305 0.21277 0.51773 0.21809 0.51241
0.22340 0.50887 0.22340 0.50887 0.20922 0.52305 0.21277 0.51950 0.21809 0.51418
0.22340 0.51064 0.22340 0.51064 0.20922 0.52482 0.21277 0.52128 0.21809 0.51596
0.22340 0.51241 0.22340 0.51241 0.20922 0.52660 0.21277 0.52305 0.21986 0.51596
0.22518 0.51241 0.22518 0.51241 0.21099 0.52660 0.21454 0.52305 0.21986 0.51773
0.22518 0.51418 0.22518 0.51418 0.21099 0.52837 0.21631 0.52305 0.22163 0.51773
0.22518 0.51596 0.22518 0.51596 0.21099 0.53014 0.21809 0.52305 0.22340 0.51773
0.22518 0.51773 0.22695 0.51596 0.21277 0.53014 0.21809 0.52482 0.22518 0.51773
0.22695 0.51773 0.22695 0.51773 0.21277 0.53191 0.21809 0.52660 0.22518 0.51950
0.22695 0.51950 0.22695 0.51950 0.21277 0.53369 0.21809 0.52837 0.22695 0.51950
0.22695 0.52128 0.22695 0.52128 0.21454 0.53369 0.21809 0.53014 0.22872 0.51950
0.22695 0.52305 0.22695 0.52305 0.21631 0.53369 0.21809 0.53191 0.22872 0.52128
0.22872 0.52305 0.22872 0.52305 0.21809 0.53369 0.21986 0.53191 0.22872 0.52305
0.23050 0.52305 0.22872 0.52482 0.21809 0.53546 0.21986 0.53369 0.22872 0.52482
0.23050 0.52482 0.23050 0.52482 0.21809 0.53723 0.21986 0.53546 0.22872 0.52660
0.23050 0.52660 0.23227 0.52482 0.21986 0.53723 0.21986 0.53723 0.23050 0.52660
0.23050 0.52837 0.23227 0.52660 0.21986 0.53901 0.22163 0.53723 0.23050 0.52837
0.23227 0.52837 0.23404 0.52660 0.22163 0.53901 0.22340 0.53723 0.23227 0.52837
0.23227 0.53014 0.23404 0.52837 0.22163 0.54078 0.22518 0.53723 0.23404 0.52837
0.23227 0.53191 0.23404 0.53014 0.22340 0.54078 0.22518 0.53901 0.23404 0.53014
0.23227 0.53369 0.23404 0.53191 0.22518 0.54078 0.22518 0.54078 0.23404 0.53191
0.23227 0.53546 0.23582 0.53191 0.22695 0.54078 0.22695 0.54078 0.23582 0.53191
0.23404 0.53546 0.23582 0.53369 0.22872 0.54078 0.22872 0.54078 0.23582 0.53369
0.23404 0.53723 0.23582 0.53546 0.23050 0.54078 0.22872 0.54255 0.23582 0.53546
0.23582 0.53723 0.23582 0.53723 0.23227 0.54078 0.23050 0.54255 0.23582 0.53723
0.23582 0.53901 0.23759 0.53723 0.23404 0.54078 0.23227 0.54255 0.23759 0.53723
0.23582 0.54078 0.23759 0.53901 0.23404 0.54255 0.23227 0.54433 0.23759 0.53901
0.23582 0.54255 0.23759 0.54078 0.23404 0.54433 0.23227 0.54610 0.23759 0.54078
0.23582 0.54433 0.23936 0.54078 0.23582 0.54433 0.23227 0.54787 0.23759 0.54255
0.23759 0.54433 0.23936 0.54255 0.23759 0.54433 0.23404 0.54787 0.23936 0.54255
0.23759 0.54610 0.23936 0.54433 0.23936 0.54433 0.23582 0.54787 0.24113 0.54255
0.23936 0.54610 0.23936 0.54610 0.23936 0.54610 0.23759 0.54787 0.24113 0.54433
0.23936 0.54787 0.23936 0.54787 0.23936 0.54787 0.23759 0.54965 0.24291 0.54433
0.23936 0.54965 0.23936 0.54965 0.23936 0.54965 0.23936 0.54965 0.24291 0.54610
0.23936 0.55142 0.24113 0.54965 0.24113 0.54965 0.24113 0.54965 0.24468 0.54610
0.23936 0.55319 0.24113 0.55142 0.24291 0.54965 0.24113 0.55142 0.24468 0.54787
0.24113 0.55319 0.24113 0.55319 0.24291 0.55142 0.24113 0.55319 0.24468 0.54965
0.24113 0.55496 0.24291 0.55319 0.24468 0.55142 0.24113 0.55496 0.24645 0.54965
0.24291 0.55496 0.24468 0.55319 0.24468 0.55319 0.24291 0.55496 0.24823 0.54965
0.24291 0.55674 0.24468 0.55496 0.24645 0.55319 0.24291 0.55674 0.25000 0.54965
0.24468 0.55674 0.24468 0.55674 0.24823 0.55319 0.24468 0.55674 0.25000 0.55142
0.24468 0.55851 0.24468 0.55851 0.24823 0.55496 0.24468 0.55851 0.25177 0.55142
0.24468 0.56028 0.24645 0.55851 0.24823 0.55674 0.24468 0.56028 0.25355 0.55142
0.24468 0.56206 0.24645 0.56028 0.24823 0.55851 0.24468 0.56206 0.25355 0.55319
0.24468 0.56383 0.24823 0.56028 0.24823 0.56028 0.24468 0.56383 0.25355 0.55496
0.24468 0.56560 0.25000 0.56028 0.25000 0.56028 0.24645 0.56383 0.25355 0.55674
0.24468 0.56738 0.25000 0.56206 0.25000 0.56206 0.24645 0.56560 0.25355 0.55851
0.24468 0.56915 0.25000 0.56383 0.25000 0.56383 0.24823 0.56560 0.25355 0.56028
0.24468 0.57092 0.25177 0.56383 0.25000 0.56560 0.25000 0.56560 0.25532 0.56028
0.24645 0.57092 0.25355 0.56383 0.25177 0.56560 0.25000 0.56738 0.25709 0.56028
0.24823 0.57092 0.25532 0.56383 0.25177 0.56738 0.25000 0.56915 0.25709 0.56206
0.25000 0.57092 0.25709 0.56383 0.25177 0.56915 0.25177 0.56915 0.25709 0.56383
0.25000 0.57270 0.25887 0.56383 0.25177 0.57092 0.25177 0.57092 0.25887 0.56383
0.25000 0.57447 0.25887 0.56560 0.25177 0.57270 0.25177 0.57270 0.25887 0.56560
0.25000 0.57624 0.26064 0.56560 0.25355 0.57270 0.25355 0.57270 0.25887 0.56738
0.25177 0.57624 0.26241 0.56560 0.25532 0.57270 0.25532 0.57270 0.26064 0.56738
0.25177 0.57801 0.26241 0.56738 0.25709 0.57270 0.25709 0.57270 0.26241 0.56738
0.25177 0.57979 0.26241 0.56915 0.25887 0.57270 0.25709 0.57447 0.26241 0.56915
0.25177 0.58156 0.26241 0.57092 0.25887 0.57447 0.25887 0.57447 0.26418 0.56915
0.25177 0.58333 0.26241 0.57270 0.26064 0.57447 0.25887 0.57624 0.26418 0.57092
0.25355 0.58333 0.26241 0.57447 0.26064 0.57624 0.26064 0.57624 0.26596 0.57092
0.25532 0.58333 0.26241 0.57624 0.26241 0.57624 0.26064 0.57801 0.26596 0.57270
0.25532 0.58511 0.26241 0.57801 0.26418 0.57624 0.26064 0.57979 0.26773 0.57270
0.25709 0.58511 0.26241 0.57979 0.26596 0.57624 0.26241 0.57979 0.26950 0.57270
0.25887 0.58511 0.26418 0.57979 0.26773 0.57624 0.26418 0.57979 0.27128 0.57270
0.25887 0.58688 0.26418 0.58156 0.26773 0.57801 0.26418 0.58156 0.27128 0.57447
0.26064 0.58688 0.26418 0.58333 0.26773 0.57979 0.26418 0.58333 0.27305 0.57447
0.26064 0.58865 0.26596 0.58333 0.26773 0.58156 0.26418 0.58511 0.27305 0.57624
0.26064 0.59043 0.26773 0.58333 0.26773 0.58333 0.26418 0.58688 0.27482 0.57624
0.26064 0.59220 0.26950 0.58333 0.26950 0.58333 0.26418 0.58865 0.27660 0.57624
0.26064 0.59397 0.27128 0.58333 0.26950 0.58511 0.26596 0.58865 0.27660 0.57801
0.26064 0.59574 0.27128 0.58511 0.27128 0.58511 0.26596 0.59043 0.27660 0.57979
0.26241 0.59574 0.27128 0.58688 0.27128 0.58688 0.26596 0.59220 0.27660 0.58156
0.26241 0.59752 0.27128 0.58865 0.27305 0.58688 0.26596 0.59397 0.27837 0.58156
0.26241 0.59929 0.27128 0.59043 0.27305 0.58865 0.26596 0.59574 0.28014 0.58156
0.26241 0.60106 0.27305 0.59043 0.27482 0.58865 0.26596 0.59752 0.28014 0.58333
0.26418 0.60106 0.27305 0.59220 0.27482 0.59043 0.26596 0.59929 0.28014 0.58511
0.26418 0.60284 0.27305 0.59397 0.27482 0.59220 0.26596 0.60106 0.28014 0.58688
0.26418 0.60461 0.27482 0.59397 0.27482 0.59397 0.26596 0.60284 0.28191 0.58688
0.26418 0.60638 0.27660 0.59397 0.27660 0.59397 0.26773 0.60284 0.28191 0.58865
0.26418 0.60816 0.27660 0.59574 0.27660 0.59574 0.26773 0.60461 0.28369 0.58865
0.26418 0.60993 0.27660 0.59752 0.27660 0.59752 0.26773 0.60638 0.28546 0.58865
0.26596 0.60993 0.27660 0.59929 0.27837 0.59752 0.26950 0.60638 0.28723 0.58865
0.26773 0.60993 0.27837 0.59929 0.28014 0.59752 0.26950 0.60816 0.28723 0.59043
0.26950 0.60993 0.27837 0.60106 0.28191 0.59752 0.26950 0.60993 0.28723 0.59220
0.26950 0.61170 0.28014 0.60106 0.28369 0.59752 0.26950 0.61170 0.28723 0.59397
0.26950 0.61348 0.28191 0.60106 0.28369 0.59929 0.26950 0.61348 0.28901 0.59397
0.26950 0.61525 0.28191 0.60284 0.28369 0.60106 0.27128 0.61348 0.28901 0.59574
0.27128 0.61525 0.28369 0.60284 0.28369 0.60284 0.27305 0.61348 0.28901 0.59752
0.27128 0.61702 0.28369 0.60461 0.28546 0.60284 0.27305 0.61525 0.28901 0.59929
0.27305 0.61702 0.28369 0.60638 0.28546 0.60461 0.27305 0.61702 0.28901 0.60106
0.27482 0.61702 0.28369 0.60816 0.28546 0.60638 0.27305 0.61879 0.28901 0.60284
0.27660 0.61702 0.28546 0.60816 0.28546 0.60816 0.27305 0.62057 0.29078 0.60284
0.27837 0.61702 0.28723 0.60816 0.28546 0.60993 0.27305 0.62234 0.29255 0.60284
0.27837 0.61879 0.28723 0.60993 0.28546 0.61170 0.27305 0.62411 0.29255 0.60461
0.27837 0.62057 0.28723 0.61170 0.28723 0.61170 0.27482 0.62411 0.29255 0.60638
0.27837 0.62234 0.28723 0.61348 0.28723 0.61348 0.27660 0.62411 0.29433 0.60638
0.27837 0.62411 0.28723 0.61525 0.28723 0.61525 0.27660 0.62589 0.29433 0.60816
0.27837 0.62589 0.28723 0.61702 0.28723 0.61702 0.27837 0.62589 0.29610 0.60816
0.28014 0.62589 0.28723 0.61879 0.28723 0.61879 0.27837 0.62766 0.29787 0.60816
0.28014 0.62766 0.28723 0.62057 0.28901 0.61879 0.28014 0.62766 0.29787 0.60993
0.28191 0.62766 0.28723 0.62234 0.28901 0.62057 0.28014 0.62943 0.29965 0.60993
0.28191 0.62943 0.28901 0.62234 0.28901 0.62234 0.28014 0.63121 0.29965 0.61170
0.28191 0.63121 0.28901 0.62411 0.29078 0.62234 0.28191 0.63121 0.29965 0.61348
0.28369 0.63121 0.28901 0.62589 0.29078 0.62411 0.28369 0.63121 0.30142 0.61348
0.28369 0.63298 0.28901 0.62766 0.29255 0.62411 0.28369 0.63298 0.30319 0.61348
0.28546 0.63298 0.28901 0.62943 0.29255 0.62589 0.28369 0.63475 0.30319 0.61525
0.28546 0.63475 0.29078 0.62943 0.29433 0.62589 0.28369 0.63652 0.30319 0.61702
0.28723 0.63475 0.29078 0.63121 0.29433 0.62766 0.28546 0.63652 0.30319 0.61879
0.28723 0.63652 0.29078 0.63298 0.29433 0.62943 0.28723 0.63652 0.30496 0.61879
0.28723 0.63830 0.29255 0.63298 0.29433 0.63121 0.28723 0.63830 0.30496 0.62057
0.28723 0.64007 0.29255 0.63475 0.29433 0.63298 0.28901 0.63830 0.30496 0.62234
0.28723 0.64184 0.29433 0.63475 0.29433 0.63475 0.28901 0.64007 0.30496 0.62411
0.28901 0.64184 0.29433 0.63652 0.29610 0.63475 0.29078 0.64007 0.30496 0.62589
0.29078 0.64184 0.29433 0.63830 0.29787 0.63475 0.29078 0.64184 0.30496 0.62766
0.29255 0.64184 0.29433 0.64007 0.29787 0.63652 0.29078 0.64362 0.30496 0.62943
0.29255 0.64362 0.29610 0.64007 0.29787 0.63830 0.29078 0.64539 0.30674 0.62943
0.29255 0.64539 0.29610 0.64184 0.29965 0.63830 0.29255 0.64539 0.30674 0.63121
0.29433 0.64539 0.29610 0.64362 0.29965 0.64007 0.29433 0.64539 0.30851 0.63121
0.29610 0.64539 0.29610 0.64539 0.29965 0.64184 0.29433 0.64716 0.30851 0.63298
0.29610 0.64716 0.29787 0.64539 0.29965 0.64362 0.29433 0.64894 0.31028 0.63298
0.29787 0.64716 0.29787 0.64716 0.30142 0.64362 0.29610 0.64894 0.31028 0.63475
0.29787 0.64894 0.29965 0.64716 0.30142 0.64539 0.29787 0.64894 0.31028 0.63652
0.29787 0.65071 0.30142 0.64716 0.30142 0.64716 0.29965 0.64894 0.31206 0.63652
0.29787 0.65248 0.30142 0.64894 0.30142 0.64894 0.29965 0.65071 0.31383 0.63652
0.29787 0.65426 0.30142 0.65071 0.30319 0.64894 0.30142 0.65071 0.31560 0.63652
0.29965 0.65426 0.30142 0.65248 0.30496 0.64894 0.30142 0.65248 0.31738 0.63652
0.30142 0.65426 0.30142 0.65426 0.30674 0.64894 0.30319 0.65248 0.31915 0.63652
0.30142 0.65603 0.30319 0.65426 0.30674 0.65071 0.30319 0.65426 0.31915 0.63830
0.30142 0.65780 0.30496 0.65426 0.30851 0.65071 0.30319 0.65603 0.32092 0.63830
0.30142 0.65957 0.30674 0.65426 0.31028 0.65071 0.30319 0.65780 0.32092 0.64007
0.30319 0.65957 0.30674 0.65603 0.31206 0.65071 0.30319 0.65957 0.32092 0.64184
0.30496 0.65957 0.30674 0.65780 0.31383 0.65071 0.30496 0.65957 0.32092 0.64362
0.30496 0.66135 0.30851 0.65780 0.31383 0.65248 0.30496 0.66135 0.32270 0.64362
0.30496 0.66312 0.31028 0.65780 0.31560 0.65248 0.30674 0.66135 0.32447 0.64362
0.30674 0.66312 0.31206 0.65780 0.31738 0.65248 0.30851 0.66135 0.32447 0.64539
0.30674 0.66489 0.31206 0.65957 0.31738 0.65426 0.30851 0.66312 0.32447 0.64716
0.30674 0.66667 0.31206 0.66135 0.31738 0.65603 0.30851 0.66489 0.32447 0.64894
0.30674 0.66844 0.31383 0.66135 0.31915 0.65603 0.31028 0.66489 0.32447 0.65071
0.30674 0.67021 0.31560 0.66135 0.32092 0.65603 0.31028 0.66667 0.32447 0.65248
0.30674 0.67199 0.31560 0.66312 0.32092 0.65780 0.31028 0.66844 0.32447 0.65426
0.30674 0.67376 0.31738 0.66312 0.32270 0.65780 0.31028 0.67021 0.32624 0.65426
0.30851 0.67376 0.31915 0.66312 0.32447 0.65780 0.31028 0.67199 0.32624 0.65603
0.31028 0.67376 0.32092 0.66312 0.32624 0.65780 0.31028 0.67376 0.32624 0.65780
0.31206 0.67376 0.32092 0.66489 0.32624 0.65957 0.31206 0.67376 0.32624 0.65957
0.31206 0.67553 0.32092 0.66667 0.32801 0.65957 0.31383 0.67376 0.32624 0.66135
0.31206 0.67730 0.32092 0.66844 0.32979 0.65957 0.31383 0.67553 0.32801 0.66135
0.31383 0.67730 0.32092 0.67021 0.32979 0.66135 0.31560 0.67553 0.32979 0.66135
0.31560 0.67730 0.32092 0.67199 0.32979 0.66312 0.31560 0.67730 0.33156 0.66135
0.31738 0.67730 0.32092 0.67376 0.33156 0.66312 0.31738 0.67730 0.33156 0.66312
0.31738 0.67908 0.32270 0.67376 0.33156 0.66489 0.31738 0.67908 0.33156 0.66489
0.31738 0.68085 0.32447 0.67376 0.33333 0.66489 0.31738 0.68085 0.33156 0.66667
0.31915 0.68085 0.32624 0.67376 0.33511 0.66489 0.31915 0.68085 0.33333 0.66667
0.31915 0.68262 0.32624 0.67553 0.33511 0.66667 0.32092 0.68085 0.33511 0.66667
0.32092 0.68262 0.32801 0.67553 0.33511 0.66844 0.32270 0.68085 0.33511 0.66844
0.32270 0.68262 0.32979 0.67553 0.33688 0.66844 0.32447 0.68085 0.33688 0.66844
0.32270 0.68440 0.33156 0.67553 0.33865 0.66844 0.32624 0.68085 0.33688 0.67021
0.32270 0.68617 0.33156 0.67730 0.34043 0.66844 0.32624 0.68262 0.33865 0.67021
0.32270 0.68794 0.33333 0.67730 0.34043 0.67021 0.32801 0.68262 0.33865 0.67199
0.32270 0.68972 0.33333 0.67908 0.34043 0.67199 0.32979 0.68262 0.33865 0.67376
0.32447 0.68972 0.33333 0.68085 0.34220 0.67199 0.33156 0.68262 0.34043 0.67376
0.32624 0.68972 0.33511 0.68085 0.34220 0.67376 0.33156 0.68440 0.34043 0.67553
0.32801 0.68972 0.33688 0.68085 0.34220 0.67553 0.33333 0.68440 0.34043 0.67730
0.32979 0.68972 0.33865 0.68085 0.34397 0.67553 0.33333 0.68617 0.34043 0.67908
0.32979 0.69149 0.33865 0.68262 0.34574 0.67553 0.33333 0.68794 0.34220 0.67908
0.32979 0.69326 0.33865 0.68440 0.34574 0.67730 0.33333 0.68972 0.34220 0.68085
0.32979 0.69504 0.33865 0.68617 0.34752 0.67730 0.33511 0.68972 0.34220 0.68262
0.32979 0.69681 0.34043 0.68617 0.34752 0.67908 0.33511 0.69149 0.34397 0.68262
0.33156 0.69681 0.34220 0.68617 0.34929 0.67908 0.33688 0.69149 0.34574 0.68262
0.33333 0.69681 0.34220 0.68794 0.34929 0.68085 0.33688 0.69326 0.34752 0.68262
0.33511 0.69681 0.34397 0.68794 0.35106 0.68085 0.33865 0.69326 0.34752 0.68440
0.33511 0.69858 0.34574 0.68794 0.35284 0.68085 0.33865 0.69504 0.34752 0.68617
0.33688 0.69858 0.34574 0.68972 0.35284 0.68262 0.33865 0.69681 0.34752 0.68794
0.33865 0.69858 0.34574 0.69149 0.35284 0.68440 0.33865 0.69858 0.34752 0.68972
0.33865 0.70035 0.34574 0.69326 0.35284 0.68617 0.33865 0.70035 0.34752 0.69149
0.34043 0.70035 0.34752 0.69326 0.35284 0.68794 0.34043 0.70035 0.34752 0.69326
0.34043 0.70213 0.34929 0.69326 0.35461 0.68794 0.34043 0.70213 0.34929 0.69326
0.34043 0.70390 0.35106 0.69326 0.35461 0.68972 0.34220 0.70213 0.34929 0.69504
0.34220 0.70390 0.35284 0.69326 0.35461 0.69149 0.34397 0.70213 0.35106 0.69504
0.34397 0.70390 0.35284 0.69504 0.35461 0.69326 0.34574 0.70213 0.35284 0.69504
0.34574 0.70390 0.35284 0.69681 0.35638 0.69326 0.34752 0.70213 0.35284 0.69681
0.34752 0.70390 0.35461 0.69681 0.35816 0.69326 0.34929 0.70213 0.35461 0.69681
0.34929 0.70390 0.35461 0.69858 0.35816 0.69504 0.34929 0.70390 0.35461 0.69858
0.35106 0.70390 0.35638 0.69858 0.35816 0.69681 0.34929 0.70567 0.35638 0.69858
0.35284 0.70390 0.35638 0.70035 0.35816 0.69858 0.35106 0.70567 0.35816 0.69858
0.35461 0.70390 0.35816 0.70035 0.35993 0.69858 0.35284 0.70567 0.35993 0.69858
0.35461 0.70567 0.35816 0.70213 0.36170 0.69858 0.35461 0.70567 0.35993 0.70035
0.35461 0.70745 0.35993 0.70213 0.36348 0.69858 0.35638 0.70567 0.35993 0.70213
0.35638 0.70745 0.36170 0.70213 0.36348 0.70035 0.35638 0.70745 0.36170 0.70213
0.35816 0.70745 0.36348 0.70213 0.36525 0.70035 0.35816 0.70745 0.36348 0.70213
0.35993 0.70745 0.36348 0.70390 0.36525 0.70213 0.35993 0.70745 0.36525 0.70213
0.35993 0.70922 0.36525 0.70390 0.36525 0.70390 0.35993 0.70922 0.36525 0.70390
0.36170 0.70922 0.36702 0.70390 0.36702 0.70390 0.36170 0.70922 0.36525 0.70567
0.36348 0.70922 0.36879 0.70390 0.36702 0.70567 0.36170 0.71099 0.36525 0.70745
0.36525 0.70922 0.36879 0.70567 0.36879 0.70567 0.36348 0.71099 0.36525 0.70922
0.36525 0.71099 0.36879 0.70745 0.36879 0.70745 0.36525 0.71099 0.36702 0.70922
0.36702 0.71099 0.37057 0.70745 0.37057 0.70745 0.36525 0.71277 0.36702 0.71099
0.36702 0.71277 0.37057 0.70922 0.37057 0.70922 0.36525 0.71454 0.36702 0.71277
0.36879 0.71277 0.37234 0.70922 0.37234 0.70922 0.36525 0.71631 0.36702 0.71454
0.36879 0.71454 0.37234 0.71099 0.37234 0.71099 0.36702 0.71631 0.36879 0.71454
0.36879 0.71631 0.37411 0.71099 0.37234 0.71277 0.36879 0.71631 0.37057 0.71454
0.37057 0.71631 0.37411 0.71277 0.37411 0.71277 0.36879 0.71809 0.37057 0.71631
0.37234 0.71631 0.37589 0.71277 0.37411 0.71454 0.36879 0.71986 0.37057 0.71809
0.37234 0.71809 0.37766 0.71277 0.37411 0.71631 0.37057 0.71986 0.37234 0.71809
0.37234 0.71986 0.37943 0.71277 0.37589 0.71631 0.37057 0.72163 0.37411 0.71809
0.37234 0.72163 0.37943 0.71454 0.37766 0.71631 0.37234 0.72163 0.37411 0.71986
0.37411 0.72163 0.38121 0.71454 0.37766 0.71809 0.37234 0.72340 0.37589 0.71986
0.37411 0.72340 0.38121 0.71631 0.37766 0.71986 0.37234 0.72518 0.37589 0.72163
0.37411 0.72518 0.38298 0.71631 0.37943 0.71986 0.37411 0.72518 0.37589 0.72340
0.37589 0.72518 0.38475 0.71631 0.37943 0.72163 0.37411 0.72695 0.37766 0.72340
0.37589 0.72695 0.38652 0.71631 0.38121 0.72163 0.37589 0.72695 0.37943 0.72340
0.37589 0.72872 0.38652 0.71809 0.38121 0.72340 0.37766 0.72695 0.37943 0.72518
0.37766 0.72872 0.38652 0.71986 0.38121 0.72518 0.37943 0.72695 0.37943 0.72695
0.37943 0.72872 0.38830 0.71986 0.38121 0.72695 0.38121 0.72695 0.38121 0.72695
0.37943 0.73050 0.38830 0.72163 0.38121 0.72872 0.38121 0.72872 0.38298 0.72695
0.37943 0.73227 0.38830 0.72340 0.38298 0.72872 0.38121 0.73050 0.38475 0.72695
0.38121 0.73227 0.39007 0.72340 0.38475 0.72872 0.38298 0.73050 0.38475 0.72872
0.38298 0.73227 0.39184 0.72340 0.38475 0.73050 0.38475 0.73050 0.38652 0.72872
0.38475 0.73227 0.39184 0.72518 0.38652 0.73050 0.38652 0.73050 0.38830 0.72872
0.38652 0.73227 0.39362 0.72518 0.38830 0.73050 0.38652 0.73227 0.38830 0.73050
0.38652 0.73404 0.39362 0.72695 0.38830 0.73227 0.38830 0.73227 0.38830 0.73227
0.38830 0.73404 0.39362 0.72872 0.39007 0.73227 0.38830 0.73404 0.38830 0.73404
0.39007 0.73404 0.39539 0.72872 0.39184 0.73227 0.39007 0.73404 0.39007 0.73404
0.39184 0.73404 0.39716 0.72872 0.39362 0.73227 0.39184 0.73404 0.39007 0.73582
0.39362 0.73404 0.39716 0.73050 0.39362 0.73404 0.39362 0.73404 0.39007 0.73759
0.39362 0.73582 0.39894 0.73050 0.39362 0.73582 0.39539 0.73404 0.39184 0.73759
0.39539 0.73582 0.39894 0.73227 0.39539 0.73582 0.39539 0.73582 0.39184 0.73936
0.39539 0.73759 0.39894 0.73404 0.39539 0.73759 0.39716 0.73582 0.39184 0.74113
0.39716 0.73759 0.39894 0.73582 0.39539 0.73936 0.39716 0.73759 0.39362 0.74113
0.39716 0.73936 0.40071 0.73582 0.39539 0.74113 0.39894 0.73759 0.39362 0.74291
0.39716 0.74113 0.40248 0.73582 0.39539 0.74291 0.39894 0.73936 0.39362 0.74468
0.39716 0.74291 0.40248 0.73759 0.39716 0.74291 0.39894 0.74113 0.39362 0.74645
0.39716 0.74468 0.40248 0.73936 0.39716 0.74468 0.39894 0.74291 0.39539 0.74645
0.39716 0.74645 0.40248 0.74113 0.39894 0.74468 0.39894 0.74468 0.39539 0.74823
0.39894 0.74645 0.40248 0.74291 0.39894 0.74645 0.40071 0.74468 0.39539 0.75000
0.40071 0.74645 0.40426 0.74291 0.40071 0.74645 0.40248 0.74468 0.39716 0.75000
0.40071 0.74823 0.40603 0.74291 0.40248 0.74645 0.40426 0.74468 0.39894 0.75000
0.40248 0.74823 0.40603 0.74468 0.40248 0.74823 0.40603 0.74468 0.39894 0.75177
0.40426 0.74823 0.40603 0.74645 0.40248 0.75000 0.40780 0.74468 0.40071 0.75177
0.40603 0.74823 0.40780 0.74645 0.40426 0.75000 0.40780 0.74645 0.40071 0.75355
0.40780 0.74823 0.40780 0.74823 0.40603 0.75000 0.40957 0.74645 0.40071 0.75532
0.40780 0.75000 0.40957 0.74823 0.40780 0.75000 0.41135 0.74645 0.40071 0.75709
0.40957 0.75000 0.40957 0.75000 0.40780 0.75177 0.41312 0.74645 0.40248 0.75709
0.40957 0.75177 0.41135 0.75000 0.40780 0.75355 0.41489 0.74645 0.40426 0.75709
0.41135 0.75177 0.41135 0.75177 0.40780 0.75532 0.41489 0.74823 0.40426 0.75887
0.41135 0.75355 0.41135 0.75355 0.40957 0.75532 0.41667 0.74823 0.40603 0.75887
0.41312 0.75355 0.41312 0.75355 0.41135 0.75532 0.41667 0.75000 0.40780 0.75887
0.41312 0.75532 0.41312 0.75532 0.41312 0.75532 0.41844 0.75000 0.40780 0.76064
0.41312 0.75709 0.41489 0.75532 0.41312 0.75709 0.42021 0.75000 0.40780 0.76241
0.41489 0.75709 0.41489 0.75709 0.41489 0.75709 0.42199 0.75000 0.40957 0.76241
0.41667 0.75709 0.41667 0.75709 0.41489 0.75887 0.42199 0.75177 0.40957 0.76418
0.41844 0.75709 0.41844 0.75709 0.41667 0.75887 0.42199 0.75355 0.40957 0.76596
0.42021 0.75709 0.42021 0.75709 0.41844 0.75887 0.42376 0.75355 0.40957 0.76773
0.42199 0.75709 0.42199 0.75709 0.42021 0.75887 0.42553 0.75355 0.41135 0.76773
0.42199 0.75887 0.42199 0.75887 0.42199 0.75887 0.42730 0.75355 0.41135 0.76950
0.42199 0.76064 0.42376 0.75887 0.42199 0.76064 0.42908 0.75355 0.41135 0.77128
0.42376 0.76064 0.42376 0.76064 0.42376 0.76064 0.43085 0.75355 0.41312 0.77128
0.42376 0.76241 0.42376 0.76241 0.42376 0.76241 0.43085 0.75532 0.41312 0.77305
0.42553 0.76241 0.42376 0.76418 0.42376 0.76418 0.43085 0.75709 0.41489 0.77305
0.42730 0.76241 0.42553 0.76418 0.42553 0.76418 0.43262 0.75709 0.41667 0.77305
0.42730 0.76418 0.42730 0.76418 0.42730 0.76418 0.43262 0.75887 0.41667 0.77482
0.42908 0.76418 0.42908 0.76418 0.42908 0.76418 0.43440 0.75887 0.41844 0.77482
0.43085 0.76418 0.43085 0.76418 0.43085 0.76418 0.43617 0.75887 0.42021 0.77482
0.43262 0.76418 0.43262 0.76418 0.43085 0.76596 0.43617 0.76064 0.42021 0.77660
0.43262 0.76596 0.43262 0.76596 0.43262 0.76596 0.43794 0.76064 0.42199 0.77660
0.43440 0.76596 0.43262 0.76773 0.43440 0.76596 0.43972 0.76064 0.42199 0.77837
0.43617 0.76596 0.43262 0.76950 0.43617 0.76596 0.43972 0.76241 0.42376 0.77837
0.43617 0.76773 0.43262 0.77128 0.43617 0.76773 0.44149 0.76241 0.42376 0.78014
0.43794 0.76773 0.43440 0.77128 0.43794 0.76773 0.44326 0.76241 0.42376 0.78191
0.43794 0.76950 0.43440 0.77305 0.43794 0.76950 0.44504 0.76241 0.42553 0.78191
0.43794 0.77128 0.43617 0.77305 0.43794 0.77128 0.44681 0.76241 0.42730 0.78191
0.43794 0.77305 0.43617 0.77482 0.43972 0.77128 0.44681 0.76418 0.42908 0.78191
0.43794 0.77482 0.43794 0.77482 0.44149 0.77128 0.44858 0.76418 0.43085 0.78191
0.43972 0.77482 0.43794 0.77660 0.44326 0.77128 0.45035 0.76418 0.43262 0.78191
0.44149 0.77482 0.43794 0.77837 0.44504 0.77128 0.45035 0.76596 0.43440 0.78191
0.44149 0.77660 0.43972 0.77837 0.44504 0.77305 0.45213 0.76596 0.43617 0.78191
0.44149 0.77837 0.44149 0.77837 0.44681 0.77305 0.45213 0.76773 0.43794 0.78191
0.44326 0.77837 0.44149 0.78014 0.44858 0.77305 0.45390 0.76773 0.43794 0.78369
0.44326 0.78014 0.44149 0.78191 0.45035 0.77305 0.45390 0.76950 0.43972 0.78369
0.44504 0.78014 0.44149 0.78369 0.45213 0.77305 0.45567 0.76950 0.44149 0.78369
0.44504 0.78191 0.44326 0.78369 0.45390 0.77305 0.45567 0.77128 0.44326 0.78369
0.44504 0.78369 0.44504 0.78369 0.45390 0.77482 0.45567 0.77305 0.44504 0.78369
0.44681 0.78369 0.44681 0.78369 0.45567 0.77482 0.45567 0.77482 0.44681 0.78369
0.44858 0.78369 0.44858 0.78369 0.45745 0.77482 0.45567 0.77660 0.44858 0.78369
0.44858 0.78546 0.44858 0.78546 0.45922 0.77482 0.45745 0.77660 0.44858 0.78546
0.45035 0.78546 0.45035 0.78546 0.45922 0.77660 0.45922 0.77660 0.45035 0.78546
0.45035 0.78723 0.45035 0.78723 0.45922 0.77837 0.46099 0.77660 0.45035 0.78723
0.45213 0.78723 0.45213 0.78723 0.45922 0.78014 0.46277 0.77660 0.45035 0.78901
0.45390 0.78723 0.45213 0.78901 0.46099 0.78014 0.46454 0.77660 0.45213 0.78901
0.45567 0.78723 0.45213 0.79078 0.46099 0.78191 0.46631 0.77660 0.45213 0.79078
0.45745 0.78723 0.45213 0.79255 0.46277 0.78191 0.46631 0.77837 0.45213 0.79255
0.45922 0.78723 0.45213 0.79433 0.46277 0.78369 0.46631 0.78014 0.45213 0.79433
0.46099 0.78723 0.45213 0.79610 0.46277 0.78546 0.46809 0.78014 0.45390 0.79433
0.46277 0.78723 0.45213 0.79787 0.46277 0.78723 0.46809 0.78191 0.45567 0.79433
0.46454 0.78723 0.45390 0.79787 0.46454 0.78723 0.46809 0.78369 0.45745 0.79433
0.46454 0.78901 0.45567 0.79787 0.46631 0.78723 0.46809 0.78546 0.45922 0.79433
0.46454 0.79078 0.45745 0.79787 0.46631 0.78901 0.46809 0.78723 0.46099 0.79433
0.46454 0.79255 0.45745 0.79965 0.46809 0.78901 0.46809 0.78901 0.46099 0.79610
0.46454 0.79433 0.45745 0.80142 0.46986 0.78901 0.46809 0.79078 0.46099 0.79787
0.46631 0.79433 0.45745 0.80319 0.46986 0.79078 0.46809 0.79255 0.46099 0.79965
0.46809 0.79433 0.45745 0.80496 0.46986 0.79255 0.46986 0.79255 0.46277 0.79965
0.46809 0.79610 0.45922 0.80496 0.47163 0.79255 0.46986 0.79433 0.46454 0.79965
0.46986 0.79610 0.46099 0.80496 0.47340 0.79255 0.46986 0.79610 0.46454 0.80142
0.46986 0.79787 0.46277 0.80496 0.47518 0.79255 0.46986 0.79787 0.46454 0.80319
0.46986 0.79965 0.46454 0.80496 0.47518 0.79433 0.47163 0.79787 0.46454 0.80496
0.46986 0.80142 0.46631 0.80496 0.47518 0.79610 0.47163 0.79965 0.46454 0.80674
0.46986 0.80319 0.46809 0.80496 0.47695 0.79610 0.47340 0.79965 0.46631 0.80674
0.47163 0.80319 0.46809 0.80674 0.47872 0.79610 0.47340 0.80142 0.46809 0.80674
0.47340 0.80319 0.46986 0.80674 0.47872 0.79787 0.47340 0.80319 0.46986 0.80674
0.47518 0.80319 0.47163 0.80674 0.47872 0.79965 0.47340 0.80496 0.46986 0.80851
0.47518 0.80496 0.47163 0.80851 0.47872 0.80142 0.47340 0.80674 0.47163 0.80851
0.47518 0.80674 0.47340 0.80851 0.48050 0.80142 0.47518 0.80674 0.47340 0.80851
0.47695 0.80674 0.47340 0.81028 0.48227 0.80142 0.47518 0.80851 0.47340 0.81028
0.47695 0.80851 0.47518 0.81028 0.48404 0.80142 0.47518 0.81028 0.47518 0.81028
0.47695 0.81028 0.47518 0.81206 0.48404 0.80319 0.47695 0.81028 0.47695 0.81028
0.47872 0.81028 0.47695 0.81206 0.48404 0.80496 0.47695 0.81206 0.47872 0.81028
0.47872 0.81206 0.47695 0.81383 0.48582 0.80496 0.47695 0.81383 0.47872 0.81206
0.47872 0.81383 0.47872 0.81383 0.48759 0.80496 0.47695 0.81560 0.47872 0.81383
0.48050 0.81383 0.48050 0.81383 0.48936 0.80496 0.47695 0.81738 0.48050 0.81383
0.48227 0.81383 0.48227 0.81383 0.49113 0.80496 0.47695 0.81915 0.48050 0.81560
0.48404 0.81383 0.48404 0.81383 0.49291 0.80496 0.47695 0.82092 0.48227 0.81560
0.48404 0.81560 0.48582 0.81383 0.49291 0.80674 0.47872 0.82092 0.48404 0.81560
0.48582 0.81560 0.48582 0.81560 0.49468 0.80674 0.47872 0.82270 0.48582 0.81560
0.48582 0.81738 0.48759 0.81560 0.49645 0.80674 0.48050 0.82270 0.48759 0.81560
0.48582 0.81915 0.48759 0.81738 0.49823 0.80674 0.48227 0.82270 0.48936 0.81560
0.48759 0.81915 0.48936 0.81738 0.50000 0.80674 0.48404 0.82270 0.49113 0.81560
0.48936 0.81915 0.48936 0.81915 0.50177 0.80674 0.48404 0.82447 0.49291 0.81560
0.48936 0.82092 0.48936 0.82092 0.50177 0.80851 0.48582 0.82447 0.49468 0.81560
0.49113 0.82092 0.49113 0.82092 0.50355 0.80851 0.48759 0.82447 0.49645 0.81560
0.49113 0.82270 0.49113 0.82270 0.50355 0.81028 0.48936 0.82447 0.49823 0.81560
0.49291 0.82270 0.49113 0.82447 0.50532 0.81028 0.49113 0.82447 0.50000 0.81560
0.49468 0.82270 0.49113 0.82624 0.50532 0.81206 0.49291 0.82447 0.50000 0.81738
0.49645 0.82270 0.49291 0.82624 0.50709 0.81206 0.49468 0.82447 0.50177 0.81738
0.49823 0.82270 0.49468 0.82624 0.50887 0.81206 0.49468 0.82624 0.50177 0.81915
0.50000 0.82270 0.49645 0.82624 0.51064 0.81206 0.49468 0.82801 0.50355 0.81915
0.50177 0.82270 0.49823 0.82624 0.51241 0.81206 0.49468 0.82979 0.50355 0.82092
0.50177 0.82447 0.50000 0.82624 0.51241 0.81383 0.49645 0.82979 0.50532 0.82092
0.50355 0.82447 0.50000 0.82801 0.51241 0.81560 0.49823 0.82979 0.50532 0.82270
0.50532 0.82447 0.50000 0.82979 0.51241 0.81738 0.50000 0.82979 0.50709 0.82270
0.50532 0.82624 0.50000 0.83156 0.51418 0.81738 0.50000 0.83156 0.50887 0.82270
0.50709 0.82624 0.50177 0.83156 0.51596 0.81738 0.50000 0.83333 0.50887 0.82447
0.50709 0.82801 0.50355 0.83156 0.51773 0.81738 0.50000 0.83511 0.50887 0.82624
0.50709 0.82979 0.50532 0.83156 0.51950 0.81738 0.50177 0.83511 0.51064 0.82624
0.50887 0.82979 0.50709 0.83156 0.52128 0.81738 0.50355 0.83511 0.51064 0.82801
0.51064 0.82979 0.50887 0.83156 0.52305 0.81738 0.50532 0.83511 0.51064 0.82979
0.51064 0.83156 0.51064 0.83156 0.52305 0.81915 0.50532 0.83688 0.51241 0.82979
0.51064 0.83333 0.51241 0.83156 0.52305 0.82092 0.50709 0.83688 0.51241 0.83156
0.51064 0.83511 0.51241 0.83333 0.52482 0.82092 0.50709 0.83865 0.51418 0.83156
0.51064 0.83688 0.51241 0.83511 0.52482 0.82270 0.50709 0.84043 0.51418 0.83333
0.51241 0.83688 0.51241 0.83688 0.52660 0.82270 0.50887 0.84043 0.51596 0.83333
0.51241 0.83865 0.51418 0.83688 0.52660 0.82447 0.51064 0.84043 0.51596 0.83511
0.51418 0.83865 0.51596 0.83688 0.52837 0.82447 0.51241 0.84043 0.51773 0.83511
0.51418 0.84043 0.51773 0.83688 0.53014 0.82447 0.51418 0.84043 0.51950 0.83511
0.51418 0.84220 0.51950 0.83688 0.53014 0.82624 0.51596 0.84043 0.52128 0.83511
0.51596 0.84220 0.52128 0.83688 0.53014 0.82801 0.51773 0.84043 0.52128 0.83688
0.51596 0.84397 0.52305 0.83688 0.53014 0.82979 0.51950 0.84043 0.52305 0.83688
0.51773 0.84397 0.52482 0.83688 0.53191 0.82979 0.52128 0.84043 0.52305 0.83865
0.51950 0.84397 0.52482 0.83865 0.53191 0.83156 0.52305 0.84043 0.52482 0.83865
0.52128 0.84397 0.52482 0.84043 0.53369 0.83156 0.52482 0.84043 0.52482 0.84043
0.52305 0.84397 0.52482 0.84220 0.53546 0.83156 0.52660 0.84043 0.52660 0.84043
0.52305 0.84574 0.52482 0.84397 0.53723 0.83156 0.52660 0.84220 0.52660 0.84220
0.52482 0.84574 0.52660 0.84397 0.53901 0.83156 0.52660 0.84397 0.52837 0.84220
0.52660 0.84574 0.52837 0.84397 0.53901 0.83333 0.52660 0.84574 0.53014 0.84220
0.52837 0.84574 0.53014 0.84397 0.54078 0.83333 0.52660 0.84752 0.53191 0.84220
0.53014 0.84574 0.53191 0.84397 0.54255 0.83333 0.52660 0.84929 0.53369 0.84220
0.53014 0.84752 0.53369 0.84397 0.54433 0.83333 0.52837 0.84929 0.53546 0.84220
0.53191 0.84752 0.53369 0.84574 0.54610 0.83333 0.53014 0.84929 0.53546 0.84397
0.53369 0.84752 0.53369 0.84752 0.54610 0.83511 0.53191 0.84929 0.53546 0.84574
0.53546 0.84752 0.53369 0.84929 0.54787 0.83511 0.53369 0.84929 0.53546 0.84752
0.53723 0.84752 0.53546 0.84929 0.54787 0.83688 0.53369 0.85106 0.53723 0.84752
0.53723 0.84929 0.53723 0.84929 0.54787 0.83865 0.53369 0.85284 0.53901 0.84752
0.53723 0.85106 0.53901 0.84929 0.54965 0.83865 0.53369 0.85461 0.54078 0.84752
0.53901 0.85106 0.54078 0.84929 0.55142 0.83865 0.53546 0.85461 0.54078 0.84929
0.54078 0.85106 0.54255 0.84929 0.55142 0.84043 0.53723 0.85461 0.54255 0.84929
0.54078 0.85284 0.54433 0.84929 0.55142 0.84220 0.53901 0.85461 0.54255 0.85106
0.54078 0.85461 0.54610 0.84929 0.55319 0.84220 0.53901 0.85638 0.54433 0.85106
0.54078 0.85638 0.54610 0.85106 0.55496 0.84220 0.53901 0.85816 0.54610 0.85106
0.54255 0.85638 0.54787 0.85106 0.55496 0.84397 0.54078 0.85816 0.54787 0.85106
0.54255 0.85816 0.54787 0.85284 0.55496 0.84574 0.54078 0.85993 0.54965 0.85106
0.54255 0.85993 0.54787 0.85461 0.55674 0.84574 0.54255 0.85993 0.55142 0.85106
0.54433 0.85993 0.54965 0.85461 0.55851 0.84574 0.54433 0.85993 0.55319 0.85106
0.54610 0.85993 0.55142 0.85461 0.55851 0.84752 0.54610 0.85993 0.55319 0.85284
0.54610 0.86170 0.55319 0.85461 0.56028 0.84752 0.54610 0.86170 0.55496 0.85284
0.54787 0.86170 0.55319 0.85638 0.56206 0.84752 0.54610 0.86348 0.55674 0.85284
0.54965 0.86170 0.55319 0.85816 0.56383 0.84752 0.54787 0.86348 0.55851 0.85284
0.55142 0.86170 0.55496 0.85816 0.56383 0.84929 0.54965 0.86348 0.56028 0.85284
0.55319 0.86170 0.55496 0.85993 0.56560 0.84929 0.55142 0.86348 0.56206 0.85284
0.55319 0.86348 0.55496 0.86170 0.56738 0.84929 0.55319 0.86348 0.56383 0.85284
0.55319 0.86525 0.55674 0.86170 0.56915 0.84929 0.55319 0.86525 0.56560 0.85284
0.55496 0.86525 0.55851 0.86170 0.57092 0.84929 0.55496 0.86525 0.56560 0.85461
0.55496 0.86702 0.56028 0.86170 0.57092 0.85106 0.55674 0.86525 0.56560 0.85638
0.55496 0.86879 0.56206 0.86170 0.57270 0.85106 0.55674 0.86702 0.56560 0.85816
0.55496 0.87057 0.56383 0.86170 0.57270 0.85284 0.55851 0.86702 0.56560 0.85993
0.55674 0.87057 0.56560 0.86170 0.57447 0.85284 0.55851 0.86879 0.56738 0.85993
0.55851 0.87057 0.56560 0.86348 0.57447 0.85461 0.56028 0.86879 0.56915 0.85993
0.56028 0.87057 0.56738 0.86348 0.57447 0.85638 0.56206 0.86879 0.57092 0.85993
0.56206 0.87057 0.56915 0.86348 0.57447 0.85816 0.56206 0.87057 0.57270 0.85993
0.56206 0.87234 0.57092 0.86348 0.57447 0.85993 0.56383 0.87057 0.57447 0.85993
0.56383 0.87234 0.57270 0.86348 0.57624 0.85993 0.56560 0.87057 0.57624 0.85993
0.56560 0.87234 0.57447 0.86348 0.57624 0.86170 0.56738 0.87057 0.57801 0.85993
0.56738 0.87234 0.57447 0.86525 0.57801 0.86170 0.56738 0.87234 0.57979 0.85993
0.56915 0.87234 0.57624 0.86525 0.57979 0.86170 0.56915 0.87234 0.58156 0.85993
0.56915 0.87411 0.57801 0.86525 0.58156 0.86170 0.57092 0.87234 0.58156 0.86170
0.57092 0.87411 0.57979 0.86525 0.58156 0.86348 0.57270 0.87234 0.58333 0.86170
0.57270 0.87411 0.57979 0.86702 0.58333 0.86348 0.57270 0.87411 0.58511 0.86170
0.57447 0.87411 0.57979 0.86879 0.58333 0.86525 0.57270 0.87589 0.58688 0.86170
0.57624 0.87411 0.57979 0.87057 0.58511 0.86525 0.57447 0.87589 0.58865 0.86170
0.57801 0.87411 0.58156 0.87057 0.58688 0.86525 0.57624 0.87589 0.58865 0.86348
0.57979 0.87411 0.58333 0.87057 0.58865 0.86525 0.57801 0.87589 0.59043 0.86348
0.57979 0.87589 0.58511 0.87057 0.59043 0.86525 0.57979 0.87589 0.59220 0.86348
0.57979 0.87766 0.58511 0.87234 0.59043 0.86702 0.58156 0.87589 0.59220 0.86525
0.57979 0.87943 0.58511 0.87411 0.59220 0.86702 0.58156 0.87766 0.59397 0.86525
0.58156 0.87943 0.58688 0.87411 0.59397 0.86702 0.58333 0.87766 0.59397 0.86702
0.58333 0.87943 0.58688 0.87589 0.59574 0.86702 0.58511 0.87766 0.59397 0.86879
0.58511 0.87943 0.58865 0.87589 0.59752 0.86702 0.58688 0.87766 0.59574 0.86879
0.58688 0.87943 0.59043 0.87589 0.59929 0.86702 0.58865 0.87766 0.59752 0.86879
0.58688 0.88121 0.59220 0.87589 0.60106 0.86702 0.59043 0.87766 0.59752 0.87057
0.58688 0.88298 0.59397 0.87589 0.60106 0.86879 0.59220 0.87766 0.59752 0.87234
0.58688 0.88475 0.59574 0.87589 0.60284 0.86879 0.59397 0.87766 0.59929 0.87234
0.58865 0.88475 0.59752 0.87589 0.60284 0.87057 0.59397 0.87943 0.59929 0.87411
0.59043 0.88475 0.59752 0.87766 0.60461 0.87057 0.59574 0.87943 0.59929 0.87589
0.59220 0.88475 0.59929 0.87766 0.60461 0.87234 0.59752 0.87943 0.60106 0.87589
0.59220 0.88652 0.60106 0.87766 0.60638 0.87234 0.59752 0.88121 0.60284 0.87589
0.59397 0.88652 0.60284 0.87766 0.60816 0.87234 0.59929 0.88121 0.60284 0.87766
0.59574 0.88652 0.60461 0.87766 0.60816 0.87411 0.60106 0.88121 0.60461 0.87766
0.59574 0.88830 0.60461 0.87943 0.60816 0.87589 0.60284 0.88121 0.60638 0.87766
0.59574 0.89007 0.60461 0.88121 0.60993 0.87589 0.60284 0.88298 0.60638 0.87943
0.59574 0.89184 0.60638 0.88121 0.61170 0.87589 0.60461 0.88298 0.60638 0.88121
0.59752 0.89184 0.60638 0.88298 0.61348 0.87589 0.60638 0.88298 0.60816 0.88121
0.59929 0.89184 0.60816 0.88298 0.61525 0.87589 0.60638 0.88475 0.60993 0.88121
0.60106 0.89184 0.60816 0.88475 0.61702 0.87589 0.60816 0.88475 0.61170 0.88121
0.60284 0.89184 0.60816 0.88652 0.61702 0.87766 0.60993 0.88475 0.61170 0.88298
0.60461 0.89184 0.60816 0.88830 0.61879 0.87766 0.61170 0.88475 0.61348 0.88298
0.60638 0.89184 0.60993 0.88830 0.62057 0.87766 0.61348 0.88475 0.61348 0.88475
0.60638 0.89362 0.60993 0.89007 0.62234 0.87766 0.61348 0.88652 0.61525 0.88475
0.60816 0.89362 0.61170 0.89007 0.62411 0.87766 0.61525 0.88652 0.61525 0.88652
0.60993 0.89362 0.61348 0.89007 0.62589 0.87766 0.61702 0.88652 0.61525 0.88830
0.60993 0.89539 0.61348 0.89184 0.62766 0.87766 0.61702 0.88830 0.61702 0.88830
0.61170 0.89539 0.61525 0.89184 0.62943 0.87766 0.61702 0.89007 0.61879 0.88830
0.61348 0.89539 0.61702 0.89184 0.62943 0.87943 0.61702 0.89184 0.62057 0.88830
0.61525 0.89539 0.61879 0.89184 0.63121 0.87943 0.61879 0.89184 0.62057 0.89007
0.61702 0.89539 0.62057 0.89184 0.63121 0.88121 0.62057 0.89184 0.62057 0.89184
0.61879 0.89539 0.62057 0.89362 0.63298 0.88121 0.62234 0.89184 0.62057 0.89362
0.62057 0.89539 0.62234 0.89362 0.63298 0.88298 0.62411 0.89184 0.62057 0.89539
0.62057 0.89716 0.62411 0.89362 0.63475 0.88298 0.62589 0.89184 0.62234 0.89539
0.62234 0.89716 0.62411 0.89539 0.63652 0.88298 0.62589 0.89362 0.62234 0.89716
0.62411 0.89716 0.62589 0.89539 0.63652 0.88475 0.62766 0.89362 0.62411 0.89716
0.62411 0.89894 0.62766 0.89539 0.63830 0.88475 0.62943 0.89362 0.62589 0.89716
0.62411 0.90071 0.62766 0.89716 0.64007 0.88475 0.62943 0.89539 0.62766 0.89716
0.62589 0.90071 0.62943 0.89716 0.64184 0.88475 0.63121 0.89539 0.62943 0.89716
0.62589 0.90248 0.63121 0.89716 0.64362 0.88475 0.63298 0.89539 0.63121 0.89716
0.62766 0.90248 0.63298 0.89716 0.64539 0.88475 0.63298 0.89716 0.63298 0.89716
0.62943 0.90248 0.63298 0.89894 0.64716 0.88475 0.63475 0.89716 0.63475 0.89716
0.63121 0.90248 0.63298 0.90071 0.64894 0.88475 0.63652 0.89716 0.63652 0.89716
0.63121 0.90426 0.63298 0.90248 0.65071 0.88475 0.63830 0.89716 0.63830 0.89716
0.63121 0.90603 0.63475 0.90248 0.65248 0.88475 0.63830 0.89894 0.64007 0.89716
0.63298 0.90603 0.63652 0.90248 0.65426 0.88475 0.64007 0.89894 0.64184 0.89716
0.63298 0.90780 0.63830 0.90248 0.65603 0.88475 0.64007 0.90071 0.64184 0.89894
0.63475 0.90780 0.64007 0.90248 0.65780 0.88475 0.64184 0.90071 0.64184 0.90071
0.63652 0.90780 0.64184 0.90248 0.65957 0.88475 0.64362 0.90071 0.64362 0.90071
0.63652 0.90957 0.64184 0.90426 0.66135 0.88475 0.64362 0.90248 0.64539 0.90071
0.63830 0.90957 0.64362 0.90426 0.66135 0.88652 0.64539 0.90248 0.64716 0.90071
0.64007 0.90957 0.64539 0.90426 0.66135 0.88830 0.64539 0.90426 0.64894 0.90071
0.64184 0.90957 0.64539 0.90603 0.66312 0.88830 0.64716 0.90426 0.65071 0.90071
0.64362 0.90957 0.64716 0.90603 0.66489 0.88830 0.64894 0.90426 0.65248 0.90071
0.64539 0.90957 0.64894 0.90603 0.66667 0.88830 0.65071 0.90426 0.65426 0.90071
0.64716 0.90957 0.65071 0.90603 0.66667 0.89007 0.65248 0.90426 0.65426 0.90248
0.64894 0.90957 0.65071 0.90780 0.66667 0.89184 0.65248 0.90603 0.65603 0.90248
0.65071 0.90957 0.65248 0.90780 0.66667 0.89362 0.65426 0.90603 0.65780 0.90248
0.65248 0.90957 0.65248 0.90957 0.66667 0.89539 0.65426 0.90780 0.65780 0.90426
0.65426 0.90957 0.65426 0.90957 0.66667 0.89716 0.65603 0.90780 0.65780 0.90603
0.65603 0.90957 0.65426 0.91135 0.66844 0.89716 0.65780 0.90780 0.65957 0.90603
0.65780 0.90957 0.65603 0.91135 0.67021 0.89716 0.65957 0.90780 0.66135 0.90603
0.65957 0.90957 0.65780 0.91135 0.67021 0.89894 0.65957 0.90957 0.66312 0.90603
0.66135 0.90957 0.65957 0.91135 0.67021 0.90071 0.66135 0.90957 0.66312 0.90780
0.66312 0.90957 0.65957 0.91312 0.67021 0.90248 0.66312 0.90957 0.66489 0.90780
0.66312 0.91135 0.66135 0.91312 0.67021 0.90426 0.66312 0.91135 0.66667 0.90780
0.66489 0.91135 0.66135 0.91489 0.67199 0.90426 0.66489 0.91135 0.66844 0.90780
0.66489 0.91312 0.66135 0.91667 0.67376 0.90426 0.66489 0.91312 0.66844 0.90957
0.66667 0.91312 0.66312 0.91667 0.67553 0.90426 0.66489 0.91489 0.66844 0.91135
0.66844 0.91312 0.66489 0.91667 0.67730 0.90426 0.66489 0.91667 0.67021 0.91135
0.67021 0.91312 0.66667 0.91667 0.67908 0.90426 0.66489 0.91844 0.67199 0.91135
0.67199 0.91312 0.66667 0.91844 0.68085 0.90426 0.66667 0.91844 0.67376 0.91135
0.67376 0.91312 0.66667 0.92021 0.68262 0.90426 0.66667 0.92021 0.67376 0.91312
0.67553 0.91312 0.66667 0.92199 0.68262 0.90603 0.66844 0.92021 0.67553 0.91312
0.67730 0.91312 0.66667 0.92376 0.68440 0.90603 0.67021 0.92021 0.67730 0.91312
0.67908 0.91312 0.66844 0.92376 0.68440 0.90780 0.67199 0.92021 0.67908 0.91312
0.68085 0.91312 0.66844 0.92553 0.68617 0.90780 0.67199 0.92199 0.67908 0.91489
0.68085 0.91489 0.67021 0.92553 0.68794 0.90780 0.67199 0.92376 0.68085 0.91489
0.68262 0.91489 0.67199 0.92553 0.68972 0.90780 0.67376 0.92376 0.68262 0.91489
0.68440 0.91489 0.67376 0.92553 0.68972 0.90957 0.67376 0.92553 0.68440 0.91489
0.68617 0.91489 0.67553 0.92553 0.68972 0.91135 0.67553 0.92553 0.68440 0.91667
0.68617 0.91667 0.67553 0.92730 0.69149 0.91135 0.67730 0.92553 0.68440 0.91844
0.68794 0.91667 0.67553 0.92908 0.69326 0.91135 0.67908 0.92553 0.68440 0.92021
0.68972 0.91667 0.67553 0.93085 0.69326 0.91312 0.67908 0.92730 0.68617 0.92021
0.68972 0.91844 0.67730 0.93085 0.69326 0.91489 0.67908 0.92908 0.68794 0.92021
0.69149 0.91844 0.67908 0.93085 0.69504 0.91489 0.68085 0.92908 0.68972 0.92021
0.69326 0.91844 0.68085 0.93085 0.69681 0.91489 0.68085 0.93085 0.69149 0.92021
0.69504 0.91844 0.68262 0.93085 0.69858 0.91489 0.68085 0.93262 0.69326 0.92021
0.69681 0.91844 0.68440 0.93085 0.70035 0.91489 0.68262 0.93262 0.69504 0.92021
0.69681 0.92021 0.68617 0.93085 0.70213 0.91489 0.68440 0.93262 0.69681 0.92021
0.69681 0.92199 0.68794 0.93085 0.70390 0.91489 0.68617 0.93262 0.69858 0.92021
0.69858 0.92199 0.68972 0.93085 0.70390 0.91667 0.68794 0.93262 0.70035 0.92021
0.70035 0.92199 0.69149 0.93085 0.70567 0.91667 0.68972 0.93262 0.70035 0.92199
0.70213 0.92199 0.69326 0.93085 0.70745 0.91667 0.69149 0.93262 0.70035 0.92376
0.70390 0.92199 0.69326 0.93262 0.70745 0.91844 0.69149 0.93440 0.70035 0.92553
0.70390 0.92376 0.69504 0.93262 0.70922 0.91844 0.69326 0.93440 0.70213 0.92553
0.70390 0.92553 0.69504 0.93440 0.71099 0.91844 0.69504 0.93440 0.70390 0.92553
0.70567 0.92553 0.69681 0.93440 0.71099 0.92021 0.69681 0.93440 0.70567 0.92553
0.70745 0.92553 0.69858 0.93440 0.71277 0.92021 0.69681 0.93617 0.70567 0.92730
0.70745 0.92730 0.70035 0.93440 0.71277 0.92199 0.69858 0.93617 0.70567 0.92908
0.70745 0.92908 0.70035 0.93617 0.71454 0.92199 0.70035 0.93617 0.70745 0.92908
0.70922 0.92908 0.70213 0.93617 0.71631 0.92199 0.70213 0.93617 0.70922 0.92908
0.71099 0.92908 0.70213 0.93794 0.71631 0.92376 0.70390 0.93617 0.71099 0.92908
0.71277 0.92908 0.70390 0.93794 0.71809 0.92376 0.70390 0.93794 0.71277 0.92908
0.71454 0.92908 0.70567 0.93794 0.71809 0.92553 0.70567 0.93794 0.71277 0.93085
0.71631 0.92908 0.70745 0.93794 0.71986 0.92553 0.70745 0.93794 0.71454 0.93085
0.71809 0.92908 0.70922 0.93794 0.72163 0.92553 0.70922 0.93794 0.71631 0.93085
0.71986 0.92908 0.71099 0.93794 0.72340 0.92553 0.70922 0.93972 0.71809 0.93085
0.72163 0.92908 0.71277 0.93794 0.72340 0.92730 0.71099 0.93972 0.71986 0.93085
0.72163 0.93085 0.71277 0.93972 0.72518 0.92730 0.71099 0.94149 0.71986 0.93262
0.72340 0.93085 0.71277 0.94149 0.72695 0.92730 0.71277 0.94149 0.71986 0.93440
0.72518 0.93085 0.71454 0.94149 0.72872 0.92730 0.71454 0.94149 0.72163 0.93440
0.72695 0.93085 0.71454 0.94326 0.73050 0.92730 0.71631 0.94149 0.72340 0.93440
0.72872 0.93085 0.71454 0.94504 0.73050 0.92908 0.71809 0.94149 0.72518 0.93440
0.73050 0.93085 0.71454 0.94681 0.73227 0.92908 0.71986 0.94149 0.72518 0.93617
0.73227 0.93085 0.71631 0.94681 0.73404 0.92908 0.72163 0.94149 0.72518 0.93794
0.73404 0.93085 0.71631 0.94858 0.73582 0.92908 0.72340 0.94149 0.72695 0.93794
0.73404 0.93262 0.71809 0.94858 0.73759 0.92908 0.72518 0.94149 0.72695 0.93972
0.73582 0.93262 0.71986 0.94858 0.73936 0.92908 0.72695 0.94149 0.72695 0.94149
0.73582 0.93440 0.72163 0.94858 0.73936 0.93085 0.72872 0.94149 0.72872 0.94149
0.73759 0.93440 0.72163 0.95035 0.74113 0.93085 0.72872 0.94326 0.72872 0.94326
0.73936 0.93440 0.72340 0.95035 0.74291 0.93085 0.73050 0.94326 0.73050 0.94326
0.74113 0.93440 0.72340 0.95213 0.74468 0.93085 0.73227 0.94326 0.73227 0.94326
0.74291 0.93440 0.72518 0.95213 0.74468 0.93262 0.73404 0.94326 0.73404 0.94326
0.74468 0.93440 0.72695 0.95213 0.74645 0.93262 0.73582 0.94326 0.73582 0.94326
0.74645 0.93440 0.72872 0.95213 0.74823 0.93262 0.73759 0.94326 0.73759 0.94326
0.74823 0.93440 0.73050 0.95213 0.74823 0.93440 0.73759 0.94504 0.73936 0.94326
0.75000 0.93440 0.73227 0.95213 0.75000 0.93440 0.73936 0.94504 0.74113 0.94326
0.75177 0.93440 0.73404 0.95213 0.75177 0.93440 0.74113 0.94504 0.74291 0.94326
0.75355 0.93440 0.73582 0.95213 0.75177 0.93617 0.74291 0.94504 0.74291 0.94504
0.75532 0.93440 0.73759 0.95213 0.75355 0.93617 0.74291 0.94681 0.74468 0.94504
0.75709 0.93440 0.73759 0.95390 0.75355 0.93794 0.74468 0.94681 0.74468 0.94681
0.75887 0.93440 0.73936 0.95390 0.75532 0.93794 0.74645 0.94681 0.74645 0.94681
0.76064 0.93440 0.74113 0.95390 0.75709 0.93794 0.74645 0.94858 0.74823 0.94681
0.76241 0.93440 0.74291 0.95390 0.75709 0.93972 0.74823 0.94858 0.75000 0.94681
0.76418 0.93440 0.74291 0.95567 0.75887 0.93972 0.74823 0.95035 0.75177 0.94681
0.76418 0.93617 0.74291 0.95745 0.76064 0.93972 0.75000 0.95035 0.75355 0.94681
0.76596 0.93617 0.74468 0.95745 0.76241 0.93972 0.75177 0.95035 0.75532 0.94681
0.76773 0.93617 0.74645 0.95745 0.76418 0.93972 0.75355 0.95035 0.75532 0.94858
0.76950 0.93617 0.74645 0.95922 0.76596 0.93972 0.75532 0.95035 0.75709 0.94858
0.76950 0.93794 0.74823 0.95922 0.76773 0.93972 0.75709 0.95035 0.75887 0.94858
0.76950 0.93972 0.75000 0.95922 0.76950 0.93972 0.75709 0.95213 0.76064 0.94858
0.77128 0.93972 0.75177 0.95922 0.77128 0.93972 0.75887 0.95213 0.76241 0.94858
0.77128 0.94149 0.75355 0.95922 0.77128 0.94149 0.75887 0.95390 0.76418 0.94858
0.77305 0.94149 0.75532 0.95922 0.77305 0.94149 0.76064 0.95390 0.76596 0.94858
0.77482 0.94149 0.75532 0.96099 0.77482 0.94149 0.76241 0.95390 0.76773 0.94858
0.77482 0.94326 0.75709 0.96099 0.77660 0.94149 0.76418 0.95390 0.76950 0.94858
0.77660 0.94326 0.75887 0.96099 0.77660 0.94326 0.76596 0.95390 0.77128 0.94858
0.77837 0.94326 0.76064 0.96099 0.77660 0.94504 0.76773 0.95390 0.77128 0.95035
0.78014 0.94326 0.76241 0.96099 0.77837 0.94504 0.76950 0.95390 0.77128 0.95213
0.78191 0.94326 0.76418 0.96099 0.77837 0.94681 0.77128 0.95390 0.77305 0.95213
0.78191 0.94504 0.76596 0.96099 0.77837 0.94858 0.77305 0.95390 0.77305 0.95390
0.78369 0.94504 0.76773 0.96099 0.78014 0.94858 0.77482 0.95390 0.77482 0.95390
0.78546 0.94504 0.76950 0.96099 0.78191 0.94858 0.77660 0.95390 0.77660 0.95390
0.78723 0.94504 0.77128 0.96099 0.78369 0.94858 0.77837 0.95390 0.77660 0.95567
0.78901 0.94504 0.77305 0.96099 0.78546 0.94858 0.78014 0.95390 0.77837 0.95567
0.78901 0.94681 0.77482 0.96099 0.78723 0.94858 0.78191 0.95390 0.78014 0.95567
0.79078 0.94681 0.77660 0.96099 0.78901 0.94858 0.78191 0.95567 0.78191 0.95567
0.79255 0.94681 0.77837 0.96099 0.79078 0.94858 0.78191 0.95745 0.78369 0.95567
0.79433 0.94681 0.77837 0.96277 0.79255 0.94858 0.78369 0.95745 0.78546 0.95567
0.79610 0.94681 0.77837 0.96454 0.79433 0.94858 0.78546 0.95745 0.78723 0.95567
0.79787 0.94681 0.78014 0.96454 0.79610 0.94858 0.78723 0.95745 0.78901 0.95567
0.79965 0.94681 0.78191 0.96454 0.79610 0.95035 0.78901 0.95745 0.78901 0.95745
0.80142 0.94681 0.78369 0.96454 0.79787 0.95035 0.79078 0.95745 0.79078 0.95745
0.80142 0.94858 0.78546 0.96454 0.79965 0.95035 0.79255 0.95745 0.79078 0.95922
0.80142 0.95035 0.78723 0.96454 0.80142 0.95035 0.79433 0.95745 0.79255 0.95922
0.80319 0.95035 0.78723 0.96631 0.80319 0.95035 0.79433 0.95922 0.79255 0.96099
0.80496 0.95035 0.78723 0.96809 0.80319 0.95213 0.79610 0.95922 0.79433 0.96099
0.80674 0.95035 0.78901 0.96809 0.80319 0.95390 0.79610 0.96099 0.79610 0.96099
0.80851 0.95035 0.79078 0.96809 0.80319 0.95567 0.79610 0.96277 0.79787 0.96099
0.81028 0.95035 0.79255 0.96809 0.80496 0.95567 0.79610 0.96454 0.79965 0.96099
0.81206 0.95035 0.79255 0.96986 0.80496 0.95745 0.79787 0.96454 0.80142 0.96099
0.81206 0.95213 0.79255 0.97163 0.80674 0.95745 0.79965 0.96454 0.80319 0.96099
0.81383 0.95213 0.79433 0.97163 0.80851 0.95745 0.79965 0.96631 0.80496 0.96099
0.81560 0.95213 0.79610 0.97163 0.80851 0.95922 0.79965 0.96809 0.80674 0.96099
0.81738 0.95213 0.79787 0.97163 0.81028 0.95922 0.80142 0.96809 0.80851 0.96099
0.81738 0.95390 0.79965 0.97163 0.81206 0.95922 0.80319 0.96809 0.81028 0.96099
0.81915 0.95390 0.80142 0.97163 0.81383 0.95922 0.80496 0.96809 0.81028 0.96277
0.81915 0.95567 0.80319 0.97163 0.81560 0.95922 0.80674 0.96809 0.81206 0.96277
0.82092 0.95567 0.80496 0.97163 0.81560 0.96099 0.80851 0.96809 0.81383 0.96277
0.82270 0.95567 0.80674 0.97163 0.81560 0.96277 0.81028 0.96809 0.81560 0.96277
0.82447 0.95567 0.80851 0.97163 0.81560 0.96454 0.81206 0.96809 0.81738 0.96277
0.82624 0.95567 0.81028 0.97163 0.81738 0.96454 0.81383 0.96809 0.81915 0.96277
0.82801 0.95567 0.81206 0.97163 0.81915 0.96454 0.81560 0.96809 0.81915 0.96454
0.82801 0.95745 0.81383 0.97163 0.82092 0.96454 0.81738 0.96809 0.82092 0.96454
0.82979 0.95745 0.81383 0.97340 0.82270 0.96454 0.81738 0.96986 0.82270 0.96454
0.83156 0.95745 0.81560 0.97340 0.82270 0.96631 0.81738 0.97163 0.82447 0.96454
0.83333 0.95745 0.81738 0.97340 0.82270 0.96809 0.81915 0.97163 0.82447 0.96631
0.83333 0.95922 0.81915 0.97340 0.82447 0.96809 0.82092 0.97163 0.82624 0.96631
0.83333 0.96099 0.82092 0.97340 0.82624 0.96809 0.82270 0.97163 0.82801 0.96631
0.83511 0.96099 0.82092 0.97518 0.82801 0.96809 0.82447 0.97163 0.82979 0.96631
0.83688 0.96099 0.82270 0.97518 0.82801 0.96986 0.82624 0.97163 0.82979 0.96809
0.83865 0.96099 0.82447 0.97518 0.82801 0.97163 0.82801 0.97163 0.83156 0.96809
0.84043 0.96099 0.82624 0.97518 0.82979 0.97163 0.82979 0.97163 0.83156 0.96986
0.84220 0.96099 0.82801 0.97518 0.82979 0.97340 0.83156 0.97163 0.83156 0.97163
0.84397 0.96099 0.82979 0.97518 0.82979 0.97518 0.83333 0.97163 0.83333 0.97163
0.84574 0.96099 0.83156 0.97518 0.83156 0.97518 0.83511 0.97163 0.83333 0.97340
0.84574 0.96277 0.83333 0.97518 0.83333 0.97518 0.83688 0.97163 0.83511 0.97340
0.84752 0.96277 0.83511 0.97518 0.83511 0.97518 0.83865 0.97163 0.83688 0.97340
0.84752 0.96454 0.83688 0.97518 0.83688 0.97518 0.83865 0.97340 0.83865 0.97340
0.84929 0.96454 0.83865 0.97518 0.83865 0.97518 0.83865 0.97518 0.84043 0.97340
0.85106 0.96454 0.84043 0.97518 0.83865 0.97695 0.84043 0.97518 0.84220 0.97340
0.85284 0.96454 0.84220 0.97518 0.84043 0.97695 0.84220 0.97518 0.84397 0.97340
0.85284 0.96631 0.84220 0.97695 0.84220 0.97695 0.84397 0.97518 0.84574 0.97340
0.85461 0.96631 0.84397 0.97695 0.84397 0.97695 0.84574 0.97518 0.84574 0.97518
0.85638 0.96631 0.84574 0.97695 0.84574 0.97695 0.84574 0.97695 0.84752 0.97518
0.85638 0.96809 0.84752 0.97695 0.84574 0.97872 0.84752 0.97695 0.84929 0.97518
0.85816 0.96809 0.84929 0.97695 0.84574 0.98050 0.84929 0.97695 0.85106 0.97518
0.85993 0.96809 0.85106 0.97695 0.84752 0.98050 0.85106 0.97695 0.85284 0.97518
0.85993 0.96986 0.85284 0.97695 0.84929 0.98050 0.85284 0.97695 0.85461 0.97518
0.86170 0.96986 0.85461 0.97695 0.85106 0.98050 0.85461 0.97695 0.85638 0.97518
0.86348 0.96986 0.85638 0.97695 0.85284 0.98050 0.85638 0.97695 0.85816 0.97518
0.86525 0.96986 0.85816 0.97695 0.85461 0.98050 0.85816 0.97695 0.85993 0.97518
0.86525 0.97163 0.85816 0.97872 0.85638 0.98050 0.85993 0.97695 0.86170 0.97518
0.86702 0.97163 0.85993 0.97872 0.85816 0.98050 0.85993 0.97872 0.86348 0.97518
0.86879 0.97163 0.86170 0.97872 0.85993 0.98050 0.85993 0.98050 0.86525 0.97518
0.87057 0.97163 0.86348 0.97872 0.86170 0.98050 0.85993 0.98227 0.86702 0.97518
0.87057 0.97340 0.86525 0.97872 0.86170 0.98227 0.86170 0.98227 0.86702 0.97695
0.87234 0.97340 0.86702 0.97872 0.86170 0.98404 0.86170 0.98404 0.86879 0.97695
0.87411 0.97340 0.86879 0.97872 0.86348 0.98404 0.86348 0.98404 0.87057 0.97695
0.87589 0.97340 0.86879 0.98050 0.86525 0.98404 0.86525 0.98404 0.87234 0.97695
0.87766 0.97340 0.86879 0.98227 0.86525 0.98582 0.86702 0.98404 0.87411 0.97695
0.87766 0.97518 0.87057 0.98227 0.86702 0.98582 0.86879 0.98404 0.87589 0.97695
0.87943 0.97518 0.87234 0.98227 0.86879 0.98582 0.87057 0.98404 0.87766 0.97695
0.88121 0.97518 0.87411 0.98227 0.87057 0.98582 0.87234 0.98404 0.87943 0.97695
0.88298 0.97518 0.87589 0.98227 0.87234 0.98582 0.87411 0.98404 0.88121 0.97695
0.88475 0.97518 0.87766 0.98227 0.87411 0.98582 0.87589 0.98404 0.88298 0.97695
0.88652 0.97518 0.87943 0.98227 0.87589 0.98582 0.87766 0.98404 0.88298 0.97872
0.88830 0.97518 0.88121 0.98227 0.87766 0.98582 0.87943 0.98404 0.88475 0.97872
0.89007 0.97518 0.88298 0.98227 0.87943 0.98582 0.88121 0.98404 0.88475 0.98050
0.89184 0.97518 0.88298 0.98404 0.88121 0.98582 0.88298 0.98404 0.88475 0.98227
0.89362 0.97518 0.88475 0.98404 0.88298 0.98582 0.88475 0.98404 0.88652 0.98227
0.89539 0.97518 0.88652 0.98404 0.88475 0.98582 0.88652 0.98404 0.88830 0.98227
0.89539 0.97695 0.88830 0.98404 0.88652 0.98582 0.88830 0.98404 0.89007 0.98227
0.89539 0.97872 0.89007 0.98404 0.88830 0.98582 0.89007 0.98404 0.89184 0.98227
0.89539 0.98050 0.89184 0.98404 0.89007 0.98582 0.89184 0.98404 0.89362 0.98227
0.89539 0.98227 0.89362 0.98404 0.89184 0.98582 0.89184 0.98582 0.89539 0.98227
0.89716 0.98227 0.89539 0.98404 0.89362 0.98582 0.89362 0.98582 0.89716 0.98227
0.89894 0.98227 0.89716 0.98404 0.89539 0.98582 0.89539 0.98582 0.89716 0.98404
0.90071 0.98227 0.89894 0.98404 0.89716 0.98582 0.89716 0.98582 0.89894 0.98404
0.90248 0.98227 0.89894 0.98582 0.89894 0.98582 0.89894 0.98582 0.90071 0.98404
0.90248 0.98404 0.90071 0.98582 0.90071 0.98582 0.90071 0.98582 0.90071 0.98582
0.90426 0.98404 0.90071 0.98759 0.90248 0.98582 0.90248 0.98582 0.90248 0.98582
0.90426 0.98582 0.90248 0.98759 0.90426 0.98582 0.90426 0.98582 0.90426 0.98582
0.90603 0.98582 0.90426 0.98759 0.90603 0.98582 0.90426 0.98759 0.90603 0.98582
0.90780 0.98582 0.90603 0.98759 0.90780 0.98582 0.90603 0.98759 0.90780 0.98582
0.90780 0.98759 0.90603 0.98936 0.90957 0.98582 0.90780 0.98759 0.90780 0.98759
0.90957 0.98759 0.90780 0.98936 0.90957 0.98759 0.90957 0.98759 0.90957 0.98759
0.91135 0.98759 0.90957 0.98936 0.91135 0.98759 0.91135 0.98759 0.91135 0.98759
0.91135 0.98936 0.91135 0.98936 0.91312 0.98759 0.91312 0.98759 0.91312 0.98759
0.91312 0.98936 0.91312 0.98936 0.91489 0.98759 0.91489 0.98759 0.91489 0.98759
0.91489 0.98936 0.91489 0.98936 0.91667 0.98759 0.91667 0.98759 0.91667 0.98759
0.91667 0.98936 0.91667 0.98936 0.91844 0.98759 0.91667 0.98936 0.91667 0.98936
0.91667 0.99113 0.91844 0.98936 0.92021 0.98759 0.91844 0.98936 0.91844 0.98936
0.91844 0.99113 0.91844 0.99113 0.92021 0.98936 0.92021 0.98936 0.92021 0.98936
0.92021 0.99113 0.92021 0.99113 0.92199 0.98936 0.92199 0.98936 0.92199 0.98936
0.92199 0.99113 0.92199 0.99113 0.92376 0.98936 0.92376 0.98936 0.92376 0.98936
0.92376 0.99113 0.92376 0.99113 0.92553 0.98936 0.92553 0.98936 0.92553 0.98936
0.92376 0.99291 0.92553 0.99113 0.92730 0.98936 0.92730 0.98936 0.92730 0.98936
0.92553 0.99291 0.92730 0.99113 0.92908 0.98936 0.92908 0.98936 0.92908 0.98936
0.92730 0.99291 0.92908 0.99113 0.93085 0.98936 0.93085 0.98936 0.93085 0.98936
0.92908 0.99291 0.93085 0.99113 0.93262 0.98936 0.93262 0.98936 0.93085 0.99113
0.92908 0.99468 0.93262 0.99113 0.93440 0.98936 0.93440 0.98936 0.93262 0.99113
0.93085 0.99468 0.93440 0.99113 0.93617 0.98936 0.93617 0.98936 0.93440 0.99113
0.93085 0.99645 0.93617 0.99113 0.93794 0.98936 0.93794 0.98936 0.93617 0.99113
0.93085 0.99823 0.93794 0.99113 0.93972 0.98936 0.93972 0.98936 0.93794 0.99113
0.93262 0.99823 0.93794 0.99291 0.94149 0.98936 0.93972 0.99113 0.93972 0.99113
0.93440 0.99823 0.93794 0.99468 0.94326 0.98936 0.94149 0.99113 0.94149 0.99113
0.93617 0.99823 0.93972 0.99468 0.94326 0.99113 0.94326 0.99113 0.94326 0.99113
0.93794 0.99823 0.94149 0.99468 0.94326 0.99291 0.94504 0.99113 0.94504 0.99113
0.93972 0.99823 0.94326 0.99468 0.94326 0.99468 0.94681 0.99113 0.94681 0.99113
0.94149 0.99823 0.94504 0.99468 0.94504 0.99468 0.94858 0.99113 0.94858 0.99113
0.94326 0.99823 0.94681 0.99468 0.94681 0.99468 0.94858 0.99291 0.95035 0.99113
0.94504 0.99823 0.94858 0.99468 0.94858 0.99468 0.95035 0.99291 0.95035 0.99291
0.94681 0.99823 0.95035 0.99468 0.95035 0.99468 0.95213 0.99291 0.95213 0.99291
0.94858 0.99823 0.95213 0.99468 0.95213 0.99468 0.95390 0.99291 0.95390 0.99291
0.95035 0.99823 0.95390 0.99468 0.95390 0.99468 0.95567 0.99291 0.95567 0.99291
0.95213 0.99823 0.95390 0.99645 0.95567 0.99468 0.95567 0.99468 0.95745 0.99291
0.95390 0.99823 0.95567 0.99645 0.95745 0.99468 0.95567 0.99645 0.95922 0.99291
0.95567 0.99823 0.95745 0.99645 0.95922 0.99468 0.95745 0.99645 0.96099 0.99291
0.95745 0.99823 0.95922 0.99645 0.96099 0.99468 0.95922 0.99645 0.96277 0.99291
0.95922 0.99823 0.96099 0.99645 0.96277 0.99468 0.96099 0.99645 0.96454 0.99291
0.96099 0.99823 0.96277 0.99645 0.96454 0.99468 0.96277 0.99645 0.96454 0.99468
0.96277 0.99823 0.96454 0.99645 0.96454 0.99645 0.96454 0.99645 0.96631 0.99468
0.96454 0.99823 0.96631 0.99645 0.96631 0.99645 0.96631 0.99645 0.96809 0.99468
0.96631 0.99823 0.96809 0.99645 0.96809 0.99645 0.96809 0.99645 0.96986 0.99468
0.96809 0.99823 0.96986 0.99645 0.96986 0.99645 0.96986 0.99645 0.97163 0.99468
0.96986 0.99823 0.97163 0.99645 0.97163 0.99645 0.97163 0.99645 0.97163 0.99645
0.97163 0.99823 0.97163 0.99823 0.97340 0.99645 0.97340 0.99645 0.97340 0.99645
0.97340 0.99823 0.97340 0.99823 0.97518 0.99645 0.97518 0.99645 0.97518 0.99645
0.97518 0.99823 0.97518 0.99823 0.97695 0.99645 0.97695 0.99645 0.97695 0.99645
0.97695 0.99823 0.97695 0.99823 0.97695 0.99823 0.97872 0.99645 0.97695 0.99823
0.97872 0.99823 0.97872 0.99823 0.97872 0.99823 0.98050 0.99645 0.97872 0.99823
0.97872 1.00000 0.98050 0.99823 0.98050 0.99823 0.98227 0.99645 0.98050 0.99823
0.98050 1.00000 0.98227 0.99823 0.98050 1.00000 0.98404 0.99645 0.98227 0.99823
0.98227 1.00000 0.98404 0.99823 0.98227 1.00000 0.98404 0.99823 0.98404 0.99823
0.98404 1.00000 0.98582 0.99823 0.98404 1.00000 0.98582 0.99823 0.98582 0.99823
0.98582 1.00000 0.98759 0.99823 0.98582 1.00000 0.98759 0.99823 0.98759 0.99823
0.98759 1.00000 0.98936 0.99823 0.98759 1.00000 0.98936 0.99823 0.98936 0.99823
0.98936 1.00000 0.99113 0.99823 0.98936 1.00000 0.99113 0.99823 0.98936 1.00000
0.99113 1.00000 0.99291 0.99823 0.99113 1.00000 0.99113 1.00000 0.99113 1.00000
0.99291 1.00000 0.99291 1.00000 0.99291 1.00000 0.99291 1.00000 0.99291 1.00000
0.99468 1.00000 0.99468 1.00000 0.99468 1.00000 0.99468 1.00000 0.99468 1.00000
0.99645 1.00000 0.99645 1.00000 0.99645 1.00000 0.99645 1.00000 0.99645 1.00000
0.99823 1.00000 0.99823 1.00000 0.99823 1.00000 0.99823 1.00000 0.99823 1.00000
1.00000 1.00000 1.00000 1.00000 1.00000 1.00000 1.00000 1.00000 1.00000 1.00000
