0.6899
fpr tpr fpr tpr fpr tpr fpr tpr fpr tpr
0.00000 0.00000 0.00000 0.00000 0.00000 0.00000 0.00000 0.00000 0.00000 0.00000
0.00000 0.00166 0.00000 0.00166 0.00000 0.00166 0.00000 0.00166 0.00000 0.00166
0.00000 0.00333 0.00166 0.00166 0.00000 0.00333 0.00000 0.00333 0.00000 0.00333
0.00000 0.00499 0.00333 0.00166 0.00000 0.00499 0.00166 0.00333 0.00000 0.00499
0.00000 0.00666 0.00333 0.00333 0.00000 0.00666 0.00333 0.00333 0.00000 0.00666
0.00166 0.00666 0.00333 0.00499 0.00000 0.00832 0.00333 0.00499 0.00166 0.00666
0.00333 0.00666 0.00499 0.00499 0.00000 0.00998 0.00333 0.00666 0.00166 0.00832
0.00333 0.00832 0.00666 0.00499 0.00000 0.01165 0.00333 0.00832 0.00166 0.00998
0.00333 0.00998 0.00832 0.00499 0.00166 0.01165 0.00333 0.00998 0.00166 0.01165
0.00333 0.01165 0.00832 0.00666 0.00166 0.01331 0.00333 0.01165 0.00166 0.01331
0.00333 0.01331 0.00832 0.00832 0.00333 0.01331 0.00333 0.01331 0.00333 0.01331
0.00333 0.01498 0.00832 0.00998 0.00333 0.01498 0.00333 0.01498 0.00333 0.01498
0.00333 0.01664 0.00832 0.01165 0.00499 0.01498 0.00333 0.01664 0.00333 0.01664
0.00333 0.01830 0.00832 0.01331 0.00499 0.01664 0.00499 0.01664 0.00333 0.01830
0.00333 0.01997 0.00832 0.01498 0.00499 0.01830 0.00499 0.01830 0.00333 0.01997
0.00499 0.01997 0.00832 0.01664 0.00499 0.01997 0.00499 0.01997 0.00333 0.02163
0.00499 0.02163 0.00832 0.01830 0.00499 0.02163 0.00499 0.02163 0.00333 0.02329
0.00499 0.02329 0.00832 0.01997 0.00499 0.02329 0.00499 0.02329 0.00499 0.02329
0.00499 0.02496 0.00832 0.02163 0.00499 0.02496 0.00499 0.02496 0.00499 0.02496
0.00499 0.02662 0.00832 0.02329 0.00499 0.02662 0.00499 0.02662 0.00499 0.02662
0.00499 0.02829 0.00832 0.02496 0.00499 0.02829 0.00499 0.02829 0.00666 0.02662
0.00666 0.02829 0.00832 0.02662 0.00499 0.02995 0.00499 0.02995 0.00666 0.02829
0.00666 0.02995 0.00832 0.02829 0.00499 0.03161 0.00499 0.03161 0.00666 0.02995
0.00666 0.03161 0.00832 0.02995 0.00499 0.03328 0.00499 0.03328 0.00666 0.03161
0.00666 0.03328 0.00832 0.03161 0.00499 0.03494 0.00666 0.03328 0.00666 0.03328
0.00666 0.03494 0.00998 0.03161 0.00499 0.03661 0.00666 0.03494 0.00666 0.03494
0.00666 0.03661 0.00998 0.03328 0.00666 0.03661 0.00666 0.03661 0.00666 0.03661
0.00832 0.03661 0.00998 0.03494 0.00666 0.03827 0.00832 0.03661 0.00666 0.03827
0.00832 0.03827 0.00998 0.03661 0.00666 0.03993 0.00832 0.03827 0.00666 0.03993
0.00832 0.03993 0.00998 0.03827 0.00666 0.04160 0.00832 0.03993 0.00666 0.04160
0.00832 0.04160 0.00998 0.03993 0.00666 0.04326 0.00832 0.04160 0.00666 0.04326
0.00832 0.04326 0.00998 0.04160 0.00666 0.04493 0.00832 0.04326 0.00666 0.04493
0.00998 0.04326 0.00998 0.04326 0.00666 0.04659 0.00832 0.04493 0.00666 0.04659
0.00998 0.04493 0.00998 0.04493 0.00666 0.04825 0.00832 0.04659 0.00666 0.04825
0.00998 0.04659 0.00998 0.04659 0.00666 0.04992 0.00832 0.04825 0.00666 0.04992
0.00998 0.04825 0.00998 0.04825 0.00666 0.05158 0.00832 0.04992 0.00832 0.04992
0.00998 0.04992 0.00998 0.04992 0.00832 0.05158 0.00832 0.05158 0.00832 0.05158
0.01165 0.04992 0.00998 0.05158 0.00832 0.05324 0.00998 0.05158 0.00998 0.05158
0.01331 0.04992 0.00998 0.05324 0.00998 0.05324 0.00998 0.05324 0.00998 0.05324
0.01331 0.05158 0.00998 0.05491 0.00998 0.05491 0.00998 0.05491 0.00998 0.05491
0.01331 0.05324 0.00998 0.05657 0.00998 0.05657 0.00998 0.05657 0.00998 0.05657
0.01331 0.05491 0.00998 0.05824 0.00998 0.05824 0.00998 0.05824 0.00998 0.05824
0.01331 0.05657 0.00998 0.05990 0.00998 0.05990 0.00998 0.05990 0.00998 0.05990
0.01331 0.05824 0.00998 0.06156 0.01165 0.05990 0.00998 0.06156 0.00998 0.06156
0.01498 0.05824 0.00998 0.06323 0.01331 0.05990 0.01165 0.06156 0.00998 0.06323
0.01498 0.05990 0.00998 0.06489 0.01331 0.06156 0.01165 0.06323 0.00998 0.06489
0.01498 0.06156 0.00998 0.06656 0.01498 0.06156 0.01165 0.06489 0.01165 0.06489
0.01498 0.06323 0.00998 0.06822 0.01498 0.06323 0.01165 0.06656 0.01331 0.06489
0.01498 0.06489 0.00998 0.06988 0.01498 0.06489 0.01331 0.06656 0.01331 0.06656
0.01498 0.06656 0.00998 0.07155 0.01498 0.06656 0.01331 0.06822 0.01331 0.06822
0.01664 0.06656 0.01165 0.07155 0.01498 0.06822 0.01331 0.06988 0.01331 0.06988
0.01664 0.06822 0.01331 0.07155 0.01498 0.06988 0.01331 0.07155 0.01498 0.06988
0.01664 0.06988 0.01331 0.07321 0.01498 0.07155 0.01331 0.07321 0.01498 0.07155
0.01664 0.07155 0.01331 0.07488 0.01498 0.07321 0.01331 0.07488 0.01498 0.07321
0.01830 0.07155 0.01498 0.07488 0.01498 0.07488 0.01331 0.07654 0.01498 0.07488
0.01830 0.07321 0.01664 0.07488 0.01498 0.07654 0.01331 0.07820 0.01498 0.07654
0.01830 0.07488 0.01664 0.07654 0.01498 0.07820 0.01331 0.07987 0.01498 0.07820
0.01830 0.07654 0.01664 0.07820 0.01498 0.07987 0.01331 0.08153 0.01498 0.07987
0.01830 0.07820 0.01664 0.07987 0.01498 0.08153 0.01498 0.08153 0.01498 0.08153
0.01997 0.07820 0.01664 0.08153 0.01498 0.08319 0.01498 0.08319 0.01498 0.08319
0.01997 0.07987 0.01664 0.08319 0.01498 0.08486 0.01498 0.08486 0.01498 0.08486
0.01997 0.08153 0.01830 0.08319 0.01498 0.08652 0.01498 0.08652 0.01498 0.08652
0.01997 0.08319 0.01830 0.08486 0.01498 0.08819 0.01498 0.08819 0.01498 0.08819
0.01997 0.08486 0.01997 0.08486 0.01498 0.08985 0.01498 0.08985 0.01498 0.08985
0.01997 0.08652 0.01997 0.08652 0.01498 0.09151 0.01498 0.09151 0.01498 0.09151
0.02163 0.08652 0.02163 0.08652 0.01498 0.09318 0.01664 0.09151 0.01498 0.09318
0.02163 0.08819 0.02163 0.08819 0.01664 0.09318 0.01664 0.09318 0.01498 0.09484
0.02163 0.08985 0.02163 0.08985 0.01664 0.09484 0.01830 0.09318 0.01664 0.09484
0.02329 0.08985 0.02163 0.09151 0.01664 0.09651 0.01997 0.09318 0.01664 0.09651
0.02496 0.08985 0.02163 0.09318 0.01664 0.09817 0.01997 0.09484 0.01664 0.09817
0.02496 0.09151 0.02163 0.09484 0.01830 0.09817 0.02163 0.09484 0.01830 0.09817
0.02496 0.09318 0.02163 0.09651 0.01830 0.09983 0.02163 0.09651 0.01830 0.09983
0.02662 0.09318 0.02163 0.09817 0.01830 0.10150 0.02163 0.09817 0.01830 0.10150
0.02662 0.09484 0.02163 0.09983 0.01830 0.10316 0.02163 0.09983 0.01997 0.10150
0.02662 0.09651 0.02163 0.10150 0.01997 0.10316 0.02163 0.10150 0.01997 0.10316
0.02662 0.09817 0.02329 0.10150 0.02163 0.10316 0.02163 0.10316 0.02163 0.10316
0.02662 0.09983 0.02329 0.10316 0.02163 0.10483 0.02163 0.10483 0.02163 0.10483
0.02829 0.09983 0.02496 0.10316 0.02163 0.10649 0.02329 0.10483 0.02163 0.10649
0.02995 0.09983 0.02496 0.10483 0.02329 0.10649 0.02329 0.10649 0.02163 0.10815
0.02995 0.10150 0.02662 0.10483 0.02329 0.10815 0.02329 0.10815 0.02329 0.10815
0.02995 0.10316 0.02662 0.10649 0.02496 0.10815 0.02329 0.10982 0.02329 0.10982
0.02995 0.10483 0.02829 0.10649 0.02496 0.10982 0.02329 0.11148 0.02329 0.11148
0.02995 0.10649 0.02995 0.10649 0.02496 0.11148 0.02329 0.11314 0.02329 0.11314
0.03161 0.10649 0.02995 0.10815 0.02496 0.11314 0.02329 0.11481 0.02496 0.11314
0.03161 0.10815 0.03161 0.10815 0.02496 0.11481 0.02329 0.11647 0.02496 0.11481
0.03161 0.10982 0.03161 0.10982 0.02496 0.11647 0.02329 0.11814 0.02662 0.11481
0.03161 0.11148 0.03161 0.11148 0.02496 0.11814 0.02329 0.11980 0.02829 0.11481
0.03328 0.11148 0.03161 0.11314 0.02496 0.11980 0.02329 0.12146 0.02995 0.11481
0.03328 0.11314 0.03161 0.11481 0.02662 0.11980 0.02329 0.12313 0.03161 0.11481
0.03494 0.11314 0.03161 0.11647 0.02662 0.12146 0.02329 0.12479 0.03328 0.11481
0.03494 0.11481 0.03161 0.11814 0.02662 0.12313 0.02329 0.12646 0.03494 0.11481
0.03494 0.11647 0.03328 0.11814 0.02829 0.12313 0.02329 0.12812 0.03494 0.11647
0.03494 0.11814 0.03494 0.11814 0.02995 0.12313 0.02329 0.12978 0.03494 0.11814
0.03494 0.11980 0.03494 0.11980 0.02995 0.12479 0.02496 0.12978 0.03494 0.11980
0.03661 0.11980 0.03494 0.12146 0.03161 0.12479 0.02496 0.13145 0.03494 0.12146
0.03661 0.12146 0.03494 0.12313 0.03328 0.12479 0.02496 0.13311 0.03494 0.12313
0.03661 0.12313 0.03494 0.12479 0.03328 0.12646 0.02662 0.13311 0.03661 0.12313
0.03661 0.12479 0.03494 0.12646 0.03494 0.12646 0.02662 0.13478 0.03661 0.12479
0.03661 0.12646 0.03661 0.12646 0.03494 0.12812 0.02662 0.13644 0.03827 0.12479
0.03661 0.12812 0.03827 0.12646 0.03494 0.12978 0.02662 0.13810 0.03827 0.12646
0.03827 0.12812 0.03827 0.12812 0.03494 0.13145 0.02829 0.13810 0.03827 0.12812
0.03993 0.12812 0.03993 0.12812 0.03494 0.13311 0.02829 0.13977 0.03827 0.12978
0.04160 0.12812 0.03993 0.12978 0.03661 0.13311 0.02829 0.14143 0.03993 0.12978
0.04160 0.12978 0.03993 0.13145 0.03827 0.13311 0.02829 0.14309 0.04160 0.12978
0.04160 0.13145 0.03993 0.13311 0.03827 0.13478 0.02829 0.14476 0.04160 0.13145
0.04160 0.13311 0.03993 0.13478 0.03827 0.13644 0.02829 0.14642 0.04160 0.13311
0.04160 0.13478 0.03993 0.13644 0.03827 0.13810 0.02829 0.14809 0.04160 0.13478
0.04326 0.13478 0.03993 0.13810 0.03827 0.13977 0.02995 0.14809 0.04160 0.13644
0.04326 0.13644 0.04160 0.13810 0.03827 0.14143 0.03161 0.14809 0.04160 0.13810
0.04326 0.13810 0.04160 0.13977 0.03993 0.14143 0.03161 0.14975 0.04160 0.13977
0.04326 0.13977 0.04160 0.14143 0.03993 0.14309 0.03161 0.15141 0.04160 0.14143
0.04326 0.14143 0.04160 0.14309 0.04160 0.14309 0.03328 0.15141 0.04160 0.14309
0.04493 0.14143 0.04160 0.14476 0.04160 0.14476 0.03328 0.15308 0.04160 0.14476
0.04493 0.14309 0.04160 0.14642 0.04326 0.14476 0.03328 0.15474 0.04326 0.14476
0.04493 0.14476 0.04160 0.14809 0.04326 0.14642 0.03494 0.15474 0.04326 0.14642
0.04659 0.14476 0.04160 0.14975 0.04326 0.14809 0.03494 0.15641 0.04493 0.14642
0.04659 0.14642 0.04160 0.15141 0.04326 0.14975 0.03494 0.15807 0.04659 0.14642
0.04659 0.14809 0.04160 0.15308 0.04326 0.15141 0.03494 0.15973 0.04659 0.14809
0.04659 0.14975 0.04160 0.15474 0.04326 0.15308 0.03494 0.16140 0.04659 0.14975
0.04825 0.14975 0.04160 0.15641 0.04326 0.15474 0.03494 0.16306 0.04659 0.15141
0.04825 0.15141 0.04160 0.15807 0.04326 0.15641 0.03661 0.16306 0.04659 0.15308
0.04825 0.15308 0.04326 0.15807 0.04493 0.15641 0.03661 0.16473 0.04825 0.15308
0.04825 0.15474 0.04493 0.15807 0.04493 0.15807 0.03661 0.16639 0.04825 0.15474
0.04825 0.15641 0.04493 0.15973 0.04493 0.15973 0.03661 0.16805 0.04825 0.15641
0.04825 0.15807 0.04493 0.16140 0.04659 0.15973 0.03827 0.16805 0.04825 0.15807
0.04825 0.15973 0.04493 0.16306 0.04659 0.16140 0.03993 0.16805 0.04825 0.15973
0.04992 0.15973 0.04493 0.16473 0.04659 0.16306 0.03993 0.16972 0.04825 0.16140
0.04992 0.16140 0.04659 0.16473 0.04825 0.16306 0.03993 0.17138 0.04825 0.16306
0.04992 0.16306 0.04659 0.16639 0.04825 0.16473 0.03993 0.17304 0.04825 0.16473
0.05158 0.16306 0.04659 0.16805 0.04992 0.16473 0.03993 0.17471 0.04825 0.16639
0.05158 0.16473 0.04825 0.16805 0.05158 0.16473 0.04160 0.17471 0.04825 0.16805
0.05158 0.16639 0.04825 0.16972 0.05324 0.16473 0.04160 0.17637 0.04992 0.16805
0.05324 0.16639 0.04825 0.17138 0.05491 0.16473 0.04160 0.17804 0.04992 0.16972
0.05324 0.16805 0.04825 0.17304 0.05491 0.16639 0.04326 0.17804 0.05158 0.16972
0.05324 0.16972 0.04825 0.17471 0.05491 0.16805 0.04326 0.17970 0.05158 0.17138
0.05491 0.16972 0.04825 0.17637 0.05491 0.16972 0.04326 0.18136 0.05158 0.17304
0.05491 0.17138 0.04992 0.17637 0.05491 0.17138 0.04493 0.18136 0.05158 0.17471
0.05657 0.17138 0.04992 0.17804 0.05491 0.17304 0.04493 0.18303 0.05324 0.17471
0.05657 0.17304 0.04992 0.17970 0.05657 0.17304 0.04493 0.18469 0.05491 0.17471
0.05657 0.17471 0.05158 0.17970 0.05824 0.17304 0.04659 0.18469 0.05491 0.17637
0.05824 0.17471 0.05158 0.18136 0.05824 0.17471 0.04659 0.18636 0.05657 0.17637
0.05824 0.17637 0.05158 0.18303 0.05990 0.17471 0.04659 0.18802 0.05657 0.17804
0.05824 0.17804 0.05158 0.18469 0.05990 0.17637 0.04659 0.18968 0.05657 0.17970
0.05824 0.17970 0.05158 0.18636 0.06156 0.17637 0.04659 0.19135 0.05657 0.18136
0.05990 0.17970 0.05158 0.18802 0.06156 0.17804 0.04659 0.19301 0.05824 0.18136
0.06156 0.17970 0.05324 0.18802 0.06323 0.17804 0.04659 0.19468 0.05824 0.18303
0.06156 0.18136 0.05324 0.18968 0.06323 0.17970 0.04659 0.19634 0.05990 0.18303
0.06323 0.18136 0.05491 0.18968 0.06323 0.18136 0.04659 0.19800 0.05990 0.18469
0.06489 0.18136 0.05491 0.19135 0.06489 0.18136 0.04825 0.19800 0.06156 0.18469
0.06656 0.18136 0.05657 0.19135 0.06489 0.18303 0.04825 0.19967 0.06156 0.18636
0.06656 0.18303 0.05824 0.19135 0.06489 0.18469 0.04992 0.19967 0.06156 0.18802
0.06656 0.18469 0.05824 0.19301 0.06656 0.18469 0.05158 0.19967 0.06156 0.18968
0.06822 0.18469 0.05990 0.19301 0.06822 0.18469 0.05324 0.19967 0.06323 0.18968
0.06822 0.18636 0.05990 0.19468 0.06988 0.18469 0.05491 0.19967 0.06323 0.19135
0.06988 0.18636 0.06156 0.19468 0.06988 0.18636 0.05657 0.19967 0.06489 0.19135
0.06988 0.18802 0.06156 0.19634 0.07155 0.18636 0.05824 0.19967 0.06489 0.19301
0.06988 0.18968 0.06323 0.19634 0.07155 0.18802 0.05824 0.20133 0.06489 0.19468
0.07155 0.18968 0.06323 0.19800 0.07155 0.18968 0.05824 0.20300 0.06489 0.19634
0.07155 0.19135 0.06323 0.19967 0.07321 0.18968 0.05990 0.20300 0.06489 0.19800
0.07155 0.19301 0.06323 0.20133 0.07321 0.19135 0.06156 0.20300 0.06656 0.19800
0.07155 0.19468 0.06489 0.20133 0.07321 0.19301 0.06156 0.20466 0.06656 0.19967
0.07155 0.19634 0.06489 0.20300 0.07488 0.19301 0.06156 0.20632 0.06656 0.20133
0.07321 0.19634 0.06656 0.20300 0.07488 0.19468 0.06323 0.20632 0.06656 0.20300
0.07321 0.19800 0.06656 0.20466 0.07488 0.19634 0.06323 0.20799 0.06656 0.20466
0.07321 0.19967 0.06822 0.20466 0.07488 0.19800 0.06323 0.20965 0.06656 0.20632
0.07321 0.20133 0.06822 0.20632 0.07488 0.19967 0.06323 0.21131 0.06822 0.20632
0.07321 0.20300 0.06822 0.20799 0.07488 0.20133 0.06323 0.21298 0.06988 0.20632
0.07488 0.20300 0.06822 0.20965 0.07654 0.20133 0.06323 0.21464 0.06988 0.20799
0.07488 0.20466 0.06822 0.21131 0.07654 0.20300 0.06323 0.21631 0.06988 0.20965
0.07488 0.20632 0.06822 0.21298 0.07820 0.20300 0.06489 0.21631 0.06988 0.21131
0.07654 0.20632 0.06822 0.21464 0.07820 0.20466 0.06489 0.21797 0.06988 0.21298
0.07820 0.20632 0.06822 0.21631 0.07820 0.20632 0.06656 0.21797 0.07155 0.21298
0.07987 0.20632 0.06822 0.21797 0.07987 0.20632 0.06656 0.21963 0.07321 0.21298
0.08153 0.20632 0.06988 0.21797 0.08153 0.20632 0.06656 0.22130 0.07321 0.21464
0.08153 0.20799 0.06988 0.21963 0.08153 0.20799 0.06822 0.22130 0.07321 0.21631
0.08153 0.20965 0.06988 0.22130 0.08319 0.20799 0.06988 0.22130 0.07488 0.21631
0.08153 0.21131 0.06988 0.22296 0.08319 0.20965 0.06988 0.22296 0.07488 0.21797
0.08153 0.21298 0.07155 0.22296 0.08319 0.21131 0.07155 0.22296 0.07654 0.21797
0.08153 0.21464 0.07155 0.22463 0.08319 0.21298 0.07155 0.22463 0.07654 0.21963
0.08319 0.21464 0.07321 0.22463 0.08486 0.21298 0.07321 0.22463 0.07820 0.21963
0.08486 0.21464 0.07321 0.22629 0.08486 0.21464 0.07488 0.22463 0.07820 0.22130
0.08486 0.21631 0.07321 0.22795 0.08486 0.21631 0.07654 0.22463 0.07987 0.22130
0.08486 0.21797 0.07321 0.22962 0.08652 0.21631 0.07820 0.22463 0.08153 0.22130
0.08486 0.21963 0.07321 0.23128 0.08652 0.21797 0.07987 0.22463 0.08153 0.22296
0.08652 0.21963 0.07321 0.23295 0.08652 0.21963 0.07987 0.22629 0.08153 0.22463
0.08652 0.22130 0.07488 0.23295 0.08652 0.22130 0.07987 0.22795 0.08319 0.22463
0.08819 0.22130 0.07654 0.23295 0.08819 0.22130 0.07987 0.22962 0.08486 0.22463
0.08985 0.22130 0.07654 0.23461 0.08819 0.22296 0.07987 0.23128 0.08486 0.22629
0.08985 0.22296 0.07654 0.23627 0.08985 0.22296 0.07987 0.23295 0.08486 0.22795
0.08985 0.22463 0.07820 0.23627 0.09151 0.22296 0.07987 0.23461 0.08486 0.22962
0.09151 0.22463 0.07987 0.23627 0.09151 0.22463 0.08153 0.23461 0.08486 0.23128
0.09151 0.22629 0.08153 0.23627 0.09318 0.22463 0.08153 0.23627 0.08486 0.23295
0.09151 0.22795 0.08153 0.23794 0.09484 0.22463 0.08319 0.23627 0.08652 0.23295
0.09151 0.22962 0.08153 0.23960 0.09484 0.22629 0.08319 0.23794 0.08819 0.23295
0.09151 0.23128 0.08153 0.24126 0.09651 0.22629 0.08486 0.23794 0.08985 0.23295
0.09151 0.23295 0.08153 0.24293 0.09817 0.22629 0.08486 0.23960 0.09151 0.23295
0.09151 0.23461 0.08153 0.24459 0.09817 0.22795 0.08486 0.24126 0.09318 0.23295
0.09151 0.23627 0.08319 0.24459 0.09817 0.22962 0.08652 0.24126 0.09318 0.23461
0.09318 0.23627 0.08319 0.24626 0.09817 0.23128 0.08652 0.24293 0.09318 0.23627
0.09484 0.23627 0.08319 0.24792 0.09817 0.23295 0.08652 0.24459 0.09318 0.23794
0.09484 0.23794 0.08486 0.24792 0.09817 0.23461 0.08652 0.24626 0.09318 0.23960
0.09651 0.23794 0.08652 0.24792 0.09817 0.23627 0.08819 0.24626 0.09318 0.24126
0.09651 0.23960 0.08652 0.24958 0.09817 0.23794 0.08819 0.24792 0.09484 0.24126
0.09651 0.24126 0.08652 0.25125 0.09817 0.23960 0.08819 0.24958 0.09651 0.24126
0.09651 0.24293 0.08652 0.25291 0.09817 0.24126 0.08819 0.25125 0.09651 0.24293
0.09651 0.24459 0.08652 0.25458 0.09817 0.24293 0.08819 0.25291 0.09651 0.24459
0.09651 0.24626 0.08819 0.25458 0.09817 0.24459 0.08985 0.25291 0.09651 0.24626
0.09651 0.24792 0.08985 0.25458 0.09817 0.24626 0.08985 0.25458 0.09651 0.24792
0.09817 0.24792 0.09151 0.25458 0.09817 0.24792 0.08985 0.25624 0.09651 0.24958
0.09817 0.24958 0.09318 0.25458 0.09817 0.24958 0.08985 0.25790 0.09651 0.25125
0.09817 0.25125 0.09318 0.25624 0.09817 0.25125 0.09151 0.25790 0.09651 0.25291
0.09817 0.25291 0.09484 0.25624 0.09983 0.25125 0.09151 0.25957 0.09651 0.25458
0.09817 0.25458 0.09484 0.25790 0.09983 0.25291 0.09151 0.26123 0.09817 0.25458
0.09817 0.25624 0.09484 0.25957 0.09983 0.25458 0.09318 0.26123 0.09817 0.25624
0.09983 0.25624 0.09484 0.26123 0.09983 0.25624 0.09318 0.26290 0.09817 0.25790
0.09983 0.25790 0.09484 0.26290 0.10150 0.25624 0.09318 0.26456 0.09817 0.25957
0.09983 0.25957 0.09484 0.26456 0.10150 0.25790 0.09484 0.26456 0.09817 0.26123
0.09983 0.26123 0.09651 0.26456 0.10316 0.25790 0.09651 0.26456 0.09817 0.26290
0.09983 0.26290 0.09651 0.26622 0.10483 0.25790 0.09651 0.26622 0.09817 0.26456
0.09983 0.26456 0.09651 0.26789 0.10483 0.25957 0.09817 0.26622 0.09983 0.26456
0.10150 0.26456 0.09817 0.26789 0.10649 0.25957 0.09983 0.26622 0.09983 0.26622
0.10316 0.26456 0.09817 0.26955 0.10649 0.26123 0.10150 0.26622 0.10150 0.26622
0.10316 0.26622 0.09817 0.27121 0.10649 0.26290 0.10316 0.26622 0.10150 0.26789
0.10483 0.26622 0.09817 0.27288 0.10649 0.26456 0.10316 0.26789 0.10150 0.26955
0.10483 0.26789 0.09983 0.27288 0.10649 0.26622 0.10316 0.26955 0.10316 0.26955
0.10483 0.26955 0.09983 0.27454 0.10649 0.26789 0.10316 0.27121 0.10316 0.27121
0.10483 0.27121 0.09983 0.27621 0.10649 0.26955 0.10483 0.27121 0.10316 0.27288
0.10483 0.27288 0.09983 0.27787 0.10815 0.26955 0.10483 0.27288 0.10483 0.27288
0.10483 0.27454 0.10150 0.27787 0.10982 0.26955 0.10483 0.27454 0.10483 0.27454
0.10483 0.27621 0.10150 0.27953 0.10982 0.27121 0.10483 0.27621 0.10483 0.27621
0.10649 0.27621 0.10150 0.28120 0.11148 0.27121 0.10649 0.27621 0.10483 0.27787
0.10649 0.27787 0.10150 0.28286 0.11314 0.27121 0.10649 0.27787 0.10483 0.27953
0.10649 0.27953 0.10316 0.28286 0.11314 0.27288 0.10649 0.27953 0.10483 0.28120
0.10649 0.28120 0.10316 0.28453 0.11314 0.27454 0.10649 0.28120 0.10649 0.28120
0.10815 0.28120 0.10316 0.28619 0.11481 0.27454 0.10649 0.28286 0.10815 0.28120
0.10815 0.28286 0.10316 0.28785 0.11481 0.27621 0.10815 0.28286 0.10815 0.28286
0.10982 0.28286 0.10316 0.28952 0.11647 0.27621 0.10982 0.28286 0.10982 0.28286
0.10982 0.28453 0.10316 0.29118 0.11647 0.27787 0.10982 0.28453 0.11148 0.28286
0.11148 0.28453 0.10316 0.29285 0.11814 0.27787 0.10982 0.28619 0.11314 0.28286
0.11148 0.28619 0.10316 0.29451 0.11814 0.27953 0.11148 0.28619 0.11481 0.28286
0.11148 0.28785 0.10316 0.29617 0.11980 0.27953 0.11314 0.28619 0.11647 0.28286
0.11148 0.28952 0.10316 0.29784 0.12146 0.27953 0.11314 0.28785 0.11647 0.28453
0.11314 0.28952 0.10316 0.29950 0.12313 0.27953 0.11481 0.28785 0.11814 0.28453
0.11481 0.28952 0.10483 0.29950 0.12313 0.28120 0.11647 0.28785 0.11814 0.28619
0.11481 0.29118 0.10649 0.29950 0.12313 0.28286 0.11814 0.28785 0.11980 0.28619
0.11647 0.29118 0.10649 0.30116 0.12313 0.28453 0.11814 0.28952 0.12146 0.28619
0.11647 0.29285 0.10649 0.30283 0.12313 0.28619 0.11980 0.28952 0.12146 0.28785
0.11647 0.29451 0.10815 0.30283 0.12479 0.28619 0.12146 0.28952 0.12146 0.28952
0.11814 0.29451 0.10982 0.30283 0.12479 0.28785 0.12146 0.29118 0.12313 0.28952
0.11814 0.29617 0.10982 0.30449 0.12479 0.28952 0.12146 0.29285 0.12313 0.29118
0.11814 0.29784 0.11148 0.30449 0.12479 0.29118 0.12146 0.29451 0.12313 0.29285
0.11814 0.29950 0.11148 0.30616 0.12479 0.29285 0.12313 0.29451 0.12313 0.29451
0.11980 0.29950 0.11148 0.30782 0.12479 0.29451 0.12479 0.29451 0.12313 0.29617
0.11980 0.30116 0.11148 0.30948 0.12479 0.29617 0.12646 0.29451 0.12313 0.29784
0.11980 0.30283 0.11148 0.31115 0.12646 0.29617 0.12646 0.29617 0.12479 0.29784
0.11980 0.30449 0.11314 0.31115 0.12646 0.29784 0.12646 0.29784 0.12479 0.29950
0.11980 0.30616 0.11314 0.31281 0.12646 0.29950 0.12812 0.29784 0.12479 0.30116
0.11980 0.30782 0.11314 0.31448 0.12646 0.30116 0.12812 0.29950 0.12479 0.30283
0.12146 0.30782 0.11314 0.31614 0.12646 0.30283 0.12812 0.30116 0.12646 0.30283
0.12146 0.30948 0.11314 0.31780 0.12646 0.30449 0.12812 0.30283 0.12646 0.30449
0.12146 0.31115 0.11314 0.31947 0.12812 0.30449 0.12812 0.30449 0.12646 0.30616
0.12146 0.31281 0.11314 0.32113 0.12978 0.30449 0.12812 0.30616 0.12646 0.30782
0.12313 0.31281 0.11481 0.32113 0.12978 0.30616 0.12978 0.30616 0.12646 0.30948
0.12313 0.31448 0.11481 0.32280 0.12978 0.30782 0.12978 0.30782 0.12646 0.31115
0.12479 0.31448 0.11481 0.32446 0.12978 0.30948 0.12978 0.30948 0.12646 0.31281
0.12479 0.31614 0.11481 0.32612 0.13145 0.30948 0.12978 0.31115 0.12646 0.31448
0.12479 0.31780 0.11647 0.32612 0.13311 0.30948 0.13145 0.31115 0.12646 0.31614
0.12479 0.31947 0.11814 0.32612 0.13311 0.31115 0.13145 0.31281 0.12812 0.31614
0.12479 0.32113 0.11814 0.32779 0.13311 0.31281 0.13145 0.31448 0.12812 0.31780
0.12646 0.32113 0.11980 0.32779 0.13478 0.31281 0.13145 0.31614 0.12812 0.31947
0.12646 0.32280 0.11980 0.32945 0.13478 0.31448 0.13145 0.31780 0.12812 0.32113
0.12812 0.32280 0.11980 0.33111 0.13478 0.31614 0.13145 0.31947 0.12978 0.32113
0.12812 0.32446 0.11980 0.33278 0.13478 0.31780 0.13145 0.32113 0.12978 0.32280
0.12978 0.32446 0.12146 0.33278 0.13478 0.31947 0.13311 0.32113 0.13145 0.32280
0.12978 0.32612 0.12146 0.33444 0.13478 0.32113 0.13311 0.32280 0.13311 0.32280
0.13145 0.32612 0.12146 0.33611 0.13644 0.32113 0.13478 0.32280 0.13478 0.32280
0.13311 0.32612 0.12146 0.33777 0.13644 0.32280 0.13478 0.32446 0.13478 0.32446
0.13311 0.32779 0.12146 0.33943 0.13644 0.32446 0.13644 0.32446 0.13478 0.32612
0.13311 0.32945 0.12146 0.34110 0.13644 0.32612 0.13644 0.32612 0.13478 0.32779
0.13311 0.33111 0.12146 0.34276 0.13644 0.32779 0.13644 0.32779 0.13478 0.32945
0.13478 0.33111 0.12313 0.34276 0.13810 0.32779 0.13810 0.32779 0.13644 0.32945
0.13478 0.33278 0.12313 0.34443 0.13810 0.32945 0.13810 0.32945 0.13644 0.33111
0.13478 0.33444 0.12479 0.34443 0.13810 0.33111 0.13810 0.33111 0.13644 0.33278
0.13644 0.33444 0.12479 0.34609 0.13810 0.33278 0.13977 0.33111 0.13644 0.33444
0.13644 0.33611 0.12646 0.34609 0.13810 0.33444 0.13977 0.33278 0.13644 0.33611
0.13644 0.33777 0.12812 0.34609 0.13810 0.33611 0.13977 0.33444 0.13810 0.33611
0.13810 0.33777 0.12812 0.34775 0.13810 0.33777 0.14143 0.33444 0.13810 0.33777
0.13977 0.33777 0.12978 0.34775 0.13810 0.33943 0.14309 0.33444 0.13810 0.33943
0.13977 0.33943 0.12978 0.34942 0.13810 0.34110 0.14476 0.33444 0.13810 0.34110
0.14143 0.33943 0.13145 0.34942 0.13810 0.34276 0.14476 0.33611 0.13977 0.34110
0.14143 0.34110 0.13311 0.34942 0.13977 0.34276 0.14476 0.33777 0.13977 0.34276
0.14309 0.34110 0.13311 0.35108 0.14143 0.34276 0.14476 0.33943 0.13977 0.34443
0.14476 0.34110 0.13478 0.35108 0.14143 0.34443 0.14476 0.34110 0.13977 0.34609
0.14642 0.34110 0.13644 0.35108 0.14309 0.34443 0.14642 0.34110 0.14143 0.34609
0.14809 0.34110 0.13644 0.35275 0.14309 0.34609 0.14642 0.34276 0.14309 0.34609
0.14975 0.34110 0.13644 0.35441 0.14476 0.34609 0.14642 0.34443 0.14309 0.34775
0.14975 0.34276 0.13644 0.35607 0.14476 0.34775 0.14642 0.34609 0.14476 0.34775
0.14975 0.34443 0.13644 0.35774 0.14476 0.34942 0.14642 0.34775 0.14642 0.34775
0.14975 0.34609 0.13810 0.35774 0.14476 0.35108 0.14642 0.34942 0.14809 0.34775
0.15141 0.34609 0.13810 0.35940 0.14476 0.35275 0.14809 0.34942 0.14809 0.34942
0.15141 0.34775 0.13977 0.35940 0.14642 0.35275 0.14809 0.35108 0.14809 0.35108
0.15308 0.34775 0.14143 0.35940 0.14809 0.35275 0.14809 0.35275 0.14809 0.35275
0.15308 0.34942 0.14143 0.36106 0.14809 0.35441 0.14809 0.35441 0.14809 0.35441
0.15308 0.35108 0.14309 0.36106 0.14809 0.35607 0.14975 0.35441 0.14975 0.35441
0.15474 0.35108 0.14309 0.36273 0.14809 0.35774 0.14975 0.35607 0.14975 0.35607
0.15474 0.35275 0.14309 0.36439 0.14809 0.35940 0.15141 0.35607 0.14975 0.35774
0.15641 0.35275 0.14309 0.36606 0.14809 0.36106 0.15141 0.35774 0.15141 0.35774
0.15807 0.35275 0.14309 0.36772 0.14809 0.36273 0.15141 0.35940 0.15308 0.35774
0.15973 0.35275 0.14309 0.36938 0.14975 0.36273 0.15141 0.36106 0.15308 0.35940
0.15973 0.35441 0.14309 0.37105 0.15141 0.36273 0.15141 0.36273 0.15308 0.36106
0.16140 0.35441 0.14309 0.37271 0.15141 0.36439 0.15308 0.36273 0.15308 0.36273
0.16140 0.35607 0.14309 0.37438 0.15308 0.36439 0.15474 0.36273 0.15474 0.36273
0.16140 0.35774 0.14476 0.37438 0.15474 0.36439 0.15641 0.36273 0.15641 0.36273
0.16140 0.35940 0.14642 0.37438 0.15641 0.36439 0.15807 0.36273 0.15807 0.36273
0.16140 0.36106 0.14809 0.37438 0.15641 0.36606 0.15807 0.36439 0.15807 0.36439
0.16306 0.36106 0.14975 0.37438 0.15807 0.36606 0.15973 0.36439 0.15973 0.36439
0.16306 0.36273 0.15141 0.37438 0.15973 0.36606 0.15973 0.36606 0.15973 0.36606
0.16473 0.36273 0.15308 0.37438 0.16140 0.36606 0.16140 0.36606 0.15973 0.36772
0.16473 0.36439 0.15308 0.37604 0.16140 0.36772 0.16140 0.36772 0.15973 0.36938
0.16639 0.36439 0.15308 0.37770 0.16306 0.36772 0.16140 0.36938 0.15973 0.37105
0.16639 0.36606 0.15474 0.37770 0.16473 0.36772 0.16306 0.36938 0.15973 0.37271
0.16639 0.36772 0.15474 0.37937 0.16473 0.36938 0.16473 0.36938 0.15973 0.37438
0.16805 0.36772 0.15474 0.38103 0.16639 0.36938 0.16473 0.37105 0.15973 0.37604
0.16972 0.36772 0.15641 0.38103 0.16805 0.36938 0.16639 0.37105 0.15973 0.37770
0.17138 0.36772 0.15641 0.38270 0.16972 0.36938 0.16639 0.37271 0.15973 0.37937
0.17304 0.36772 0.15807 0.38270 0.16972 0.37105 0.16639 0.37438 0.15973 0.38103
0.17304 0.36938 0.15807 0.38436 0.16972 0.37271 0.16639 0.37604 0.15973 0.38270
0.17471 0.36938 0.15807 0.38602 0.16972 0.37438 0.16639 0.37770 0.15973 0.38436
0.17471 0.37105 0.15807 0.38769 0.17138 0.37438 0.16639 0.37937 0.16140 0.38436
0.17637 0.37105 0.15807 0.38935 0.17138 0.37604 0.16639 0.38103 0.16306 0.38436
0.17637 0.37271 0.15973 0.38935 0.17138 0.37770 0.16639 0.38270 0.16473 0.38436
0.17804 0.37271 0.15973 0.39101 0.17138 0.37937 0.16805 0.38270 0.16639 0.38436
0.17804 0.37438 0.15973 0.39268 0.17304 0.37937 0.16972 0.38270 0.16639 0.38602
0.17804 0.37604 0.15973 0.39434 0.17304 0.38103 0.17138 0.38270 0.16805 0.38602
0.17970 0.37604 0.16140 0.39434 0.17304 0.38270 0.17304 0.38270 0.16805 0.38769
0.17970 0.37770 0.16306 0.39434 0.17304 0.38436 0.17304 0.38436 0.16805 0.38935
0.18136 0.37770 0.16473 0.39434 0.17304 0.38602 0.17304 0.38602 0.16805 0.39101
0.18136 0.37937 0.16473 0.39601 0.17304 0.38769 0.17471 0.38602 0.16972 0.39101
0.18136 0.38103 0.16473 0.39767 0.17304 0.38935 0.17637 0.38602 0.16972 0.39268
0.18136 0.38270 0.16473 0.39933 0.17304 0.39101 0.17804 0.38602 0.16972 0.39434
0.18136 0.38436 0.16473 0.40100 0.17304 0.39268 0.17804 0.38769 0.17138 0.39434
0.18136 0.38602 0.16639 0.40100 0.17471 0.39268 0.17804 0.38935 0.17138 0.39601
0.18303 0.38602 0.16639 0.40266 0.17637 0.39268 0.17970 0.38935 0.17138 0.39767
0.18303 0.38769 0.16639 0.40433 0.17804 0.39268 0.17970 0.39101 0.17138 0.39933
0.18469 0.38769 0.16805 0.40433 0.17970 0.39268 0.18136 0.39101 0.17138 0.40100
0.18469 0.38935 0.16972 0.40433 0.17970 0.39434 0.18136 0.39268 0.17138 0.40266
0.18469 0.39101 0.17138 0.40433 0.17970 0.39601 0.18136 0.39434 0.17304 0.40266
0.18469 0.39268 0.17304 0.40433 0.18136 0.39601 0.18303 0.39434 0.17471 0.40266
0.18636 0.39268 0.17471 0.40433 0.18303 0.39601 0.18303 0.39601 0.17637 0.40266
0.18802 0.39268 0.17471 0.40599 0.18469 0.39601 0.18469 0.39601 0.17804 0.40266
0.18968 0.39268 0.17637 0.40599 0.18636 0.39601 0.18636 0.39601 0.17970 0.40266
0.18968 0.39434 0.17804 0.40599 0.18636 0.39767 0.18636 0.39767 0.18136 0.40266
0.19135 0.39434 0.17804 0.40765 0.18636 0.39933 0.18802 0.39767 0.18136 0.40433
0.19301 0.39434 0.17804 0.40932 0.18802 0.39933 0.18968 0.39767 0.18136 0.40599
0.19301 0.39601 0.17804 0.41098 0.18802 0.40100 0.18968 0.39933 0.18136 0.40765
0.19301 0.39767 0.17804 0.41265 0.18968 0.40100 0.18968 0.40100 0.18136 0.40932
0.19468 0.39767 0.17804 0.41431 0.19135 0.40100 0.19135 0.40100 0.18136 0.41098
0.19634 0.39767 0.17804 0.41597 0.19301 0.40100 0.19135 0.40266 0.18136 0.41265
0.19634 0.39933 0.17970 0.41597 0.19468 0.40100 0.19135 0.40433 0.18136 0.41431
0.19634 0.40100 0.17970 0.41764 0.19468 0.40266 0.19301 0.40433 0.18136 0.41597
0.19800 0.40100 0.17970 0.41930 0.19634 0.40266 0.19468 0.40433 0.18136 0.41764
0.19800 0.40266 0.18136 0.41930 0.19634 0.40433 0.19468 0.40599 0.18136 0.41930
0.19800 0.40433 0.18136 0.42097 0.19800 0.40433 0.19468 0.40765 0.18303 0.41930
0.19967 0.40433 0.18303 0.42097 0.19800 0.40599 0.19468 0.40932 0.18469 0.41930
0.20133 0.40433 0.18303 0.42263 0.19967 0.40599 0.19468 0.41098 0.18636 0.41930
0.20133 0.40599 0.18303 0.42429 0.19967 0.40765 0.19634 0.41098 0.18636 0.42097
0.20133 0.40765 0.18303 0.42596 0.19967 0.40932 0.19634 0.41265 0.18636 0.42263
0.20300 0.40765 0.18303 0.42762 0.19967 0.41098 0.19800 0.41265 0.18802 0.42263
0.20300 0.40932 0.18469 0.42762 0.20133 0.41098 0.19800 0.41431 0.18968 0.42263
0.20300 0.41098 0.18636 0.42762 0.20133 0.41265 0.19967 0.41431 0.18968 0.42429
0.20300 0.41265 0.18802 0.42762 0.20300 0.41265 0.19967 0.41597 0.19135 0.42429
0.20300 0.41431 0.18968 0.42762 0.20300 0.41431 0.20133 0.41597 0.19301 0.42429
0.20300 0.41597 0.18968 0.42928 0.20466 0.41431 0.20300 0.41597 0.19301 0.42596
0.20466 0.41597 0.19135 0.42928 0.20466 0.41597 0.20300 0.41764 0.19301 0.42762
0.20466 0.41764 0.19135 0.43095 0.20466 0.41764 0.20466 0.41764 0.19301 0.42928
0.20632 0.41764 0.19301 0.43095 0.20466 0.41930 0.20466 0.41930 0.19468 0.42928
0.20632 0.41930 0.19301 0.43261 0.20632 0.41930 0.20632 0.41930 0.19468 0.43095
0.20799 0.41930 0.19468 0.43261 0.20799 0.41930 0.20632 0.42097 0.19468 0.43261
0.20799 0.42097 0.19468 0.43428 0.20799 0.42097 0.20632 0.42263 0.19634 0.43261
0.20965 0.42097 0.19468 0.43594 0.20799 0.42263 0.20632 0.42429 0.19800 0.43261
0.20965 0.42263 0.19634 0.43594 0.20799 0.42429 0.20632 0.42596 0.19967 0.43261
0.21131 0.42263 0.19634 0.43760 0.20799 0.42596 0.20799 0.42596 0.19967 0.43428
0.21131 0.42429 0.19800 0.43760 0.20965 0.42596 0.20799 0.42762 0.19967 0.43594
0.21298 0.42429 0.19967 0.43760 0.20965 0.42762 0.20799 0.42928 0.19967 0.43760
0.21298 0.42596 0.19967 0.43927 0.21131 0.42762 0.20965 0.42928 0.20133 0.43760
0.21298 0.42762 0.20133 0.43927 0.21298 0.42762 0.21131 0.42928 0.20133 0.43927
0.21298 0.42928 0.20300 0.43927 0.21464 0.42762 0.21131 0.43095 0.20300 0.43927
0.21298 0.43095 0.20300 0.44093 0.21464 0.42928 0.21298 0.43095 0.20300 0.44093
0.21464 0.43095 0.20466 0.44093 0.21464 0.43095 0.21298 0.43261 0.20300 0.44260
0.21464 0.43261 0.20466 0.44260 0.21464 0.43261 0.21464 0.43261 0.20300 0.44426
0.21464 0.43428 0.20466 0.44426 0.21464 0.43428 0.21631 0.43261 0.20300 0.44592
0.21631 0.43428 0.20632 0.44426 0.21464 0.43594 0.21631 0.43428 0.20300 0.44759
0.21631 0.43594 0.20632 0.44592 0.21464 0.43760 0.21631 0.43594 0.20466 0.44759
0.21631 0.43760 0.20632 0.44759 0.21631 0.43760 0.21631 0.43760 0.20632 0.44759
0.21631 0.43927 0.20632 0.44925 0.21797 0.43760 0.21631 0.43927 0.20799 0.44759
0.21631 0.44093 0.20632 0.45092 0.21797 0.43927 0.21631 0.44093 0.20965 0.44759
0.21631 0.44260 0.20632 0.45258 0.21963 0.43927 0.21631 0.44260 0.21131 0.44759
0.21797 0.44260 0.20632 0.45424 0.21963 0.44093 0.21797 0.44260 0.21298 0.44759
0.21963 0.44260 0.20632 0.45591 0.21963 0.44260 0.21797 0.44426 0.21298 0.44925
0.21963 0.44426 0.20799 0.45591 0.21963 0.44426 0.21797 0.44592 0.21464 0.44925
0.21963 0.44592 0.20965 0.45591 0.22130 0.44426 0.21797 0.44759 0.21464 0.45092
0.21963 0.44759 0.20965 0.45757 0.22296 0.44426 0.21797 0.44925 0.21464 0.45258
0.22130 0.44759 0.20965 0.45923 0.22296 0.44592 0.21797 0.45092 0.21631 0.45258
0.22130 0.44925 0.20965 0.46090 0.22463 0.44592 0.21797 0.45258 0.21631 0.45424
0.22130 0.45092 0.21131 0.46090 0.22463 0.44759 0.21797 0.45424 0.21797 0.45424
0.22130 0.45258 0.21131 0.46256 0.22463 0.44925 0.21797 0.45591 0.21797 0.45591
0.22130 0.45424 0.21131 0.46423 0.22629 0.44925 0.21797 0.45757 0.21963 0.45591
0.22296 0.45424 0.21131 0.46589 0.22629 0.45092 0.21797 0.45923 0.21963 0.45757
0.22463 0.45424 0.21298 0.46589 0.22629 0.45258 0.21797 0.46090 0.21963 0.45923
0.22629 0.45424 0.21298 0.46755 0.22629 0.45424 0.21797 0.46256 0.21963 0.46090
0.22629 0.45591 0.21298 0.46922 0.22795 0.45424 0.21797 0.46423 0.21963 0.46256
0.22795 0.45591 0.21464 0.46922 0.22795 0.45591 0.21963 0.46423 0.22130 0.46256
0.22962 0.45591 0.21631 0.46922 0.22795 0.45757 0.21963 0.46589 0.22130 0.46423
0.22962 0.45757 0.21631 0.47088 0.22795 0.45923 0.22130 0.46589 0.22130 0.46589
0.22962 0.45923 0.21631 0.47255 0.22795 0.46090 0.22296 0.46589 0.22296 0.46589
0.22962 0.46090 0.21631 0.47421 0.22962 0.46090 0.22296 0.46755 0.22296 0.46755
0.23128 0.46090 0.21631 0.47587 0.22962 0.46256 0.22463 0.46755 0.22463 0.46755
0.23295 0.46090 0.21797 0.47587 0.23128 0.46256 0.22629 0.46755 0.22629 0.46755
0.23461 0.46090 0.21797 0.47754 0.23128 0.46423 0.22629 0.46922 0.22629 0.46922
0.23461 0.46256 0.21797 0.47920 0.23128 0.46589 0.22629 0.47088 0.22795 0.46922
0.23461 0.46423 0.21797 0.48087 0.23295 0.46589 0.22629 0.47255 0.22962 0.46922
0.23461 0.46589 0.21963 0.48087 0.23295 0.46755 0.22795 0.47255 0.22962 0.47088
0.23627 0.46589 0.22130 0.48087 0.23461 0.46755 0.22795 0.47421 0.22962 0.47255
0.23794 0.46589 0.22130 0.48253 0.23461 0.46922 0.22962 0.47421 0.22962 0.47421
0.23794 0.46755 0.22296 0.48253 0.23627 0.46922 0.23128 0.47421 0.22962 0.47587
0.23794 0.46922 0.22463 0.48253 0.23627 0.47088 0.23295 0.47421 0.22962 0.47754
0.23794 0.47088 0.22629 0.48253 0.23627 0.47255 0.23461 0.47421 0.22962 0.47920
0.23960 0.47088 0.22795 0.48253 0.23627 0.47421 0.23461 0.47587 0.22962 0.48087
0.23960 0.47255 0.22795 0.48419 0.23794 0.47421 0.23461 0.47754 0.22962 0.48253
0.23960 0.47421 0.22795 0.48586 0.23960 0.47421 0.23461 0.47920 0.22962 0.48419
0.24126 0.47421 0.22962 0.48586 0.24126 0.47421 0.23461 0.48087 0.23128 0.48419
0.24126 0.47587 0.22962 0.48752 0.24126 0.47587 0.23461 0.48253 0.23128 0.48586
0.24126 0.47754 0.23128 0.48752 0.24126 0.47754 0.23627 0.48253 0.23295 0.48586
0.24126 0.47920 0.23295 0.48752 0.24126 0.47920 0.23794 0.48253 0.23295 0.48752
0.24126 0.48087 0.23461 0.48752 0.24293 0.47920 0.23794 0.48419 0.23295 0.48918
0.24293 0.48087 0.23461 0.48918 0.24293 0.48087 0.23794 0.48586 0.23295 0.49085
0.24459 0.48087 0.23461 0.49085 0.24293 0.48253 0.23794 0.48752 0.23461 0.49085
0.24626 0.48087 0.23461 0.49251 0.24459 0.48253 0.23794 0.48918 0.23627 0.49085
0.24792 0.48087 0.23461 0.49418 0.24626 0.48253 0.23960 0.48918 0.23794 0.49085
0.24958 0.48087 0.23627 0.49418 0.24792 0.48253 0.24126 0.48918 0.23960 0.49085
0.25125 0.48087 0.23794 0.49418 0.24958 0.48253 0.24126 0.49085 0.24126 0.49085
0.25125 0.48253 0.23794 0.49584 0.25125 0.48253 0.24293 0.49085 0.24293 0.49085
0.25125 0.48419 0.23960 0.49584 0.25291 0.48253 0.24293 0.49251 0.24293 0.49251
0.25125 0.48586 0.23960 0.49750 0.25458 0.48253 0.24293 0.49418 0.24459 0.49251
0.25291 0.48586 0.23960 0.49917 0.25624 0.48253 0.24293 0.49584 0.24459 0.49418
0.25291 0.48752 0.24126 0.49917 0.25790 0.48253 0.24293 0.49750 0.24459 0.49584
0.25291 0.48918 0.24126 0.50083 0.25790 0.48419 0.24293 0.49917 0.24626 0.49584
0.25458 0.48918 0.24126 0.50250 0.25790 0.48586 0.24293 0.50083 0.24792 0.49584
0.25458 0.49085 0.24126 0.50416 0.25790 0.48752 0.24293 0.50250 0.24792 0.49750
0.25624 0.49085 0.24126 0.50582 0.25790 0.48918 0.24459 0.50250 0.24792 0.49917
0.25624 0.49251 0.24126 0.50749 0.25957 0.48918 0.24626 0.50250 0.24958 0.49917
0.25624 0.49418 0.24126 0.50915 0.26123 0.48918 0.24626 0.50416 0.24958 0.50083
0.25624 0.49584 0.24293 0.50915 0.26290 0.48918 0.24792 0.50416 0.24958 0.50250
0.25624 0.49750 0.24459 0.50915 0.26290 0.49085 0.24792 0.50582 0.24958 0.50416
0.25624 0.49917 0.24459 0.51082 0.26456 0.49085 0.24792 0.50749 0.25125 0.50416
0.25790 0.49917 0.24626 0.51082 0.26622 0.49085 0.24792 0.50915 0.25291 0.50416
0.25957 0.49917 0.24792 0.51082 0.26789 0.49085 0.24792 0.51082 0.25291 0.50582
0.25957 0.50083 0.24792 0.51248 0.26789 0.49251 0.24792 0.51248 0.25458 0.50582
0.25957 0.50250 0.24958 0.51248 0.26955 0.49251 0.24792 0.51414 0.25458 0.50749
0.26123 0.50250 0.24958 0.51414 0.27121 0.49251 0.24958 0.51414 0.25624 0.50749
0.26123 0.50416 0.24958 0.51581 0.27121 0.49418 0.24958 0.51581 0.25624 0.50915
0.26290 0.50416 0.25125 0.51581 0.27288 0.49418 0.24958 0.51747 0.25624 0.51082
0.26456 0.50416 0.25125 0.51747 0.27288 0.49584 0.24958 0.51913 0.25624 0.51248
0.26622 0.50416 0.25291 0.51747 0.27288 0.49750 0.25125 0.51913 0.25624 0.51414
0.26622 0.50582 0.25458 0.51747 0.27288 0.49917 0.25125 0.52080 0.25624 0.51581
0.26789 0.50582 0.25624 0.51747 0.27454 0.49917 0.25125 0.52246 0.25790 0.51581
0.26789 0.50749 0.25790 0.51747 0.27454 0.50083 0.25291 0.52246 0.25957 0.51581
0.26789 0.50915 0.25957 0.51747 0.27454 0.50250 0.25291 0.52413 0.25957 0.51747
0.26789 0.51082 0.26123 0.51747 0.27454 0.50416 0.25458 0.52413 0.26123 0.51747
0.26789 0.51248 0.26290 0.51747 0.27621 0.50416 0.25458 0.52579 0.26123 0.51913
0.26789 0.51414 0.26290 0.51913 0.27621 0.50582 0.25458 0.52745 0.26123 0.52080
0.26789 0.51581 0.26290 0.52080 0.27621 0.50749 0.25624 0.52745 0.26123 0.52246
0.26789 0.51747 0.26456 0.52080 0.27787 0.50749 0.25790 0.52745 0.26290 0.52246
0.26789 0.51913 0.26456 0.52246 0.27953 0.50749 0.25957 0.52745 0.26290 0.52413
0.26955 0.51913 0.26456 0.52413 0.27953 0.50915 0.25957 0.52912 0.26456 0.52413
0.26955 0.52080 0.26456 0.52579 0.27953 0.51082 0.25957 0.53078 0.26456 0.52579
0.27121 0.52080 0.26456 0.52745 0.27953 0.51248 0.25957 0.53245 0.26622 0.52579
0.27121 0.52246 0.26456 0.52912 0.28120 0.51248 0.26123 0.53245 0.26789 0.52579
0.27121 0.52413 0.26622 0.52912 0.28120 0.51414 0.26290 0.53245 0.26789 0.52745
0.27121 0.52579 0.26622 0.53078 0.28120 0.51581 0.26290 0.53411 0.26789 0.52912
0.27121 0.52745 0.26789 0.53078 0.28120 0.51747 0.26456 0.53411 0.26789 0.53078
0.27121 0.52912 0.26789 0.53245 0.28120 0.51913 0.26622 0.53411 0.26789 0.53245
0.27121 0.53078 0.26789 0.53411 0.28286 0.51913 0.26622 0.53577 0.26789 0.53411
0.27288 0.53078 0.26789 0.53577 0.28286 0.52080 0.26622 0.53744 0.26955 0.53411
0.27454 0.53078 0.26955 0.53577 0.28286 0.52246 0.26622 0.53910 0.27121 0.53411
0.27454 0.53245 0.27121 0.53577 0.28286 0.52413 0.26622 0.54077 0.27288 0.53411
0.27621 0.53245 0.27121 0.53744 0.28286 0.52579 0.26622 0.54243 0.27454 0.53411
0.27621 0.53411 0.27121 0.53910 0.28286 0.52745 0.26622 0.54409 0.27454 0.53577
0.27787 0.53411 0.27288 0.53910 0.28453 0.52745 0.26622 0.54576 0.27454 0.53744
0.27953 0.53411 0.27288 0.54077 0.28453 0.52912 0.26789 0.54576 0.27454 0.53910
0.28120 0.53411 0.27454 0.54077 0.28453 0.53078 0.26955 0.54576 0.27454 0.54077
0.28286 0.53411 0.27454 0.54243 0.28619 0.53078 0.26955 0.54742 0.27454 0.54243
0.28286 0.53577 0.27454 0.54409 0.28619 0.53245 0.27121 0.54742 0.27454 0.54409
0.28286 0.53744 0.27454 0.54576 0.28619 0.53411 0.27121 0.54908 0.27621 0.54409
0.28453 0.53744 0.27621 0.54576 0.28785 0.53411 0.27288 0.54908 0.27621 0.54576
0.28619 0.53744 0.27787 0.54576 0.28785 0.53577 0.27288 0.55075 0.27787 0.54576
0.28619 0.53910 0.27787 0.54742 0.28952 0.53577 0.27454 0.55075 0.27953 0.54576
0.28619 0.54077 0.27787 0.54908 0.28952 0.53744 0.27621 0.55075 0.27953 0.54742
0.28619 0.54243 0.27953 0.54908 0.29118 0.53744 0.27621 0.55241 0.27953 0.54908
0.28619 0.54409 0.27953 0.55075 0.29285 0.53744 0.27787 0.55241 0.28120 0.54908
0.28785 0.54409 0.27953 0.55241 0.29285 0.53910 0.27787 0.55408 0.28120 0.55075
0.28785 0.54576 0.27953 0.55408 0.29451 0.53910 0.27953 0.55408 0.28286 0.55075
0.28785 0.54742 0.27953 0.55574 0.29451 0.54077 0.27953 0.55574 0.28453 0.55075
0.28785 0.54908 0.28120 0.55574 0.29451 0.54243 0.27953 0.55740 0.28619 0.55075
0.28952 0.54908 0.28286 0.55574 0.29617 0.54243 0.28120 0.55740 0.28785 0.55075
0.28952 0.55075 0.28453 0.55574 0.29617 0.54409 0.28120 0.55907 0.28785 0.55241
0.28952 0.55241 0.28619 0.55574 0.29617 0.54576 0.28286 0.55907 0.28952 0.55241
0.29118 0.55241 0.28619 0.55740 0.29617 0.54742 0.28453 0.55907 0.29118 0.55241
0.29118 0.55408 0.28619 0.55907 0.29617 0.54908 0.28619 0.55907 0.29118 0.55408
0.29118 0.55574 0.28619 0.56073 0.29617 0.55075 0.28785 0.55907 0.29118 0.55574
0.29285 0.55574 0.28619 0.56240 0.29617 0.55241 0.28785 0.56073 0.29285 0.55574
0.29451 0.55574 0.28619 0.56406 0.29617 0.55408 0.28952 0.56073 0.29451 0.55574
0.29617 0.55574 0.28785 0.56406 0.29617 0.55574 0.29118 0.56073 0.29617 0.55574
0.29784 0.55574 0.28952 0.56406 0.29784 0.55574 0.29285 0.56073 0.29617 0.55740
0.29950 0.55574 0.29118 0.56406 0.29784 0.55740 0.29285 0.56240 0.29784 0.55740
0.29950 0.55740 0.29285 0.56406 0.29784 0.55907 0.29285 0.56406 0.29784 0.55907
0.30116 0.55740 0.29451 0.56406 0.29784 0.56073 0.29285 0.56572 0.29950 0.55907
0.30283 0.55740 0.29451 0.56572 0.29784 0.56240 0.29285 0.56739 0.30116 0.55907
0.30283 0.55907 0.29617 0.56572 0.29784 0.56406 0.29451 0.56739 0.30116 0.56073
0.30283 0.56073 0.29784 0.56572 0.29784 0.56572 0.29617 0.56739 0.30283 0.56073
0.30283 0.56240 0.29950 0.56572 0.29950 0.56572 0.29784 0.56739 0.30283 0.56240
0.30283 0.56406 0.29950 0.56739 0.29950 0.56739 0.29950 0.56739 0.30449 0.56240
0.30283 0.56572 0.30116 0.56739 0.30116 0.56739 0.30116 0.56739 0.30616 0.56240
0.30283 0.56739 0.30283 0.56739 0.30116 0.56905 0.30116 0.56905 0.30616 0.56406
0.30283 0.56905 0.30283 0.56905 0.30283 0.56905 0.30283 0.56905 0.30616 0.56572
0.30283 0.57072 0.30283 0.57072 0.30283 0.57072 0.30449 0.56905 0.30616 0.56739
0.30449 0.57072 0.30283 0.57238 0.30449 0.57072 0.30449 0.57072 0.30616 0.56905
0.30449 0.57238 0.30283 0.57404 0.30449 0.57238 0.30449 0.57238 0.30782 0.56905
0.30449 0.57404 0.30449 0.57404 0.30616 0.57238 0.30449 0.57404 0.30782 0.57072
0.30449 0.57571 0.30449 0.57571 0.30782 0.57238 0.30616 0.57404 0.30782 0.57238
0.30449 0.57737 0.30449 0.57737 0.30948 0.57238 0.30782 0.57404 0.30948 0.57238
0.30449 0.57903 0.30616 0.57737 0.31115 0.57238 0.30782 0.57571 0.31115 0.57238
0.30616 0.57903 0.30782 0.57737 0.31281 0.57238 0.30948 0.57571 0.31115 0.57404
0.30616 0.58070 0.30782 0.57903 0.31281 0.57404 0.31115 0.57571 0.31115 0.57571
0.30782 0.58070 0.30782 0.58070 0.31281 0.57571 0.31115 0.57737 0.31281 0.57571
0.30948 0.58070 0.30948 0.58070 0.31281 0.57737 0.31281 0.57737 0.31281 0.57737
0.30948 0.58236 0.30948 0.58236 0.31281 0.57903 0.31281 0.57903 0.31281 0.57903
0.30948 0.58403 0.31115 0.58236 0.31448 0.57903 0.31281 0.58070 0.31281 0.58070
0.30948 0.58569 0.31115 0.58403 0.31614 0.57903 0.31281 0.58236 0.31281 0.58236
0.30948 0.58735 0.31115 0.58569 0.31614 0.58070 0.31281 0.58403 0.31448 0.58236
0.31115 0.58735 0.31281 0.58569 0.31614 0.58236 0.31281 0.58569 0.31614 0.58236
0.31281 0.58735 0.31448 0.58569 0.31614 0.58403 0.31281 0.58735 0.31780 0.58236
0.31281 0.58902 0.31448 0.58735 0.31614 0.58569 0.31281 0.58902 0.31947 0.58236
0.31448 0.58902 0.31614 0.58735 0.31780 0.58569 0.31448 0.58902 0.32113 0.58236
0.31614 0.58902 0.31614 0.58902 0.31947 0.58569 0.31614 0.58902 0.32280 0.58236
0.31780 0.58902 0.31780 0.58902 0.31947 0.58735 0.31614 0.59068 0.32446 0.58236
0.31780 0.59068 0.31780 0.59068 0.31947 0.58902 0.31780 0.59068 0.32446 0.58403
0.31780 0.59235 0.31780 0.59235 0.32113 0.58902 0.31780 0.59235 0.32446 0.58569
0.31780 0.59401 0.31780 0.59401 0.32113 0.59068 0.31780 0.59401 0.32612 0.58569
0.31947 0.59401 0.31780 0.59567 0.32113 0.59235 0.31780 0.59567 0.32779 0.58569
0.32113 0.59401 0.31780 0.59734 0.32113 0.59401 0.31780 0.59734 0.32779 0.58735
0.32113 0.59567 0.31947 0.59734 0.32280 0.59401 0.31947 0.59734 0.32779 0.58902
0.32280 0.59567 0.32113 0.59734 0.32280 0.59567 0.32113 0.59734 0.32945 0.58902
0.32446 0.59567 0.32113 0.59900 0.32280 0.59734 0.32113 0.59900 0.32945 0.59068
0.32612 0.59567 0.32113 0.60067 0.32446 0.59734 0.32113 0.60067 0.33111 0.59068
0.32612 0.59734 0.32280 0.60067 0.32612 0.59734 0.32113 0.60233 0.33111 0.59235
0.32612 0.59900 0.32446 0.60067 0.32612 0.59900 0.32113 0.60399 0.33278 0.59235
0.32779 0.59900 0.32612 0.60067 0.32612 0.60067 0.32113 0.60566 0.33444 0.59235
0.32945 0.59900 0.32779 0.60067 0.32612 0.60233 0.32113 0.60732 0.33611 0.59235
0.33111 0.59900 0.32779 0.60233 0.32612 0.60399 0.32113 0.60899 0.33777 0.59235
0.33278 0.59900 0.32945 0.60233 0.32612 0.60566 0.32280 0.60899 0.33777 0.59401
0.33444 0.59900 0.32945 0.60399 0.32779 0.60566 0.32446 0.60899 0.33777 0.59567
0.33444 0.60067 0.32945 0.60566 0.32779 0.60732 0.32446 0.61065 0.33943 0.59567
0.33444 0.60233 0.33111 0.60566 0.32945 0.60732 0.32612 0.61065 0.33943 0.59734
0.33444 0.60399 0.33111 0.60732 0.32945 0.60899 0.32612 0.61231 0.33943 0.59900
0.33444 0.60566 0.33278 0.60732 0.32945 0.61065 0.32612 0.61398 0.33943 0.60067
0.33611 0.60566 0.33444 0.60732 0.32945 0.61231 0.32779 0.61398 0.34110 0.60067
0.33777 0.60566 0.33444 0.60899 0.33111 0.61231 0.32945 0.61398 0.34276 0.60067
0.33777 0.60732 0.33444 0.61065 0.33278 0.61231 0.33111 0.61398 0.34443 0.60067
0.33777 0.60899 0.33611 0.61065 0.33278 0.61398 0.33278 0.61398 0.34609 0.60067
0.33777 0.61065 0.33777 0.61065 0.33278 0.61564 0.33278 0.61564 0.34609 0.60233
0.33943 0.61065 0.33777 0.61231 0.33444 0.61564 0.33444 0.61564 0.34775 0.60233
0.33943 0.61231 0.33943 0.61231 0.33444 0.61730 0.33444 0.61730 0.34942 0.60233
0.33943 0.61398 0.34110 0.61231 0.33444 0.61897 0.33611 0.61730 0.35108 0.60233
0.34110 0.61398 0.34276 0.61231 0.33444 0.62063 0.33611 0.61897 0.35108 0.60399
0.34110 0.61564 0.34443 0.61231 0.33444 0.62230 0.33777 0.61897 0.35275 0.60399
0.34110 0.61730 0.34609 0.61231 0.33611 0.62230 0.33943 0.61897 0.35275 0.60566
0.34110 0.61897 0.34609 0.61398 0.33777 0.62230 0.33943 0.62063 0.35441 0.60566
0.34110 0.62063 0.34775 0.61398 0.33777 0.62396 0.34110 0.62063 0.35607 0.60566
0.34276 0.62063 0.34942 0.61398 0.33943 0.62396 0.34276 0.62063 0.35607 0.60732
0.34276 0.62230 0.35108 0.61398 0.34110 0.62396 0.34443 0.62063 0.35607 0.60899
0.34276 0.62396 0.35108 0.61564 0.34276 0.62396 0.34443 0.62230 0.35607 0.61065
0.34443 0.62396 0.35108 0.61730 0.34276 0.62562 0.34609 0.62230 0.35774 0.61065
0.34609 0.62396 0.35108 0.61897 0.34443 0.62562 0.34609 0.62396 0.35774 0.61231
0.34775 0.62396 0.35275 0.61897 0.34443 0.62729 0.34775 0.62396 0.35774 0.61398
0.34775 0.62562 0.35275 0.62063 0.34443 0.62895 0.34942 0.62396 0.35940 0.61398
0.34775 0.62729 0.35275 0.62230 0.34443 0.63062 0.34942 0.62562 0.35940 0.61564
0.34942 0.62729 0.35275 0.62396 0.34609 0.63062 0.34942 0.62729 0.36106 0.61564
0.34942 0.62895 0.35275 0.62562 0.34775 0.63062 0.34942 0.62895 0.36273 0.61564
0.35108 0.62895 0.35275 0.62729 0.34775 0.63228 0.35108 0.62895 0.36439 0.61564
0.35275 0.62895 0.35441 0.62729 0.34775 0.63394 0.35275 0.62895 0.36606 0.61564
0.35441 0.62895 0.35607 0.62729 0.34775 0.63561 0.35275 0.63062 0.36772 0.61564
0.35607 0.62895 0.35607 0.62895 0.34775 0.63727 0.35275 0.63228 0.36772 0.61730
0.35607 0.63062 0.35607 0.63062 0.34942 0.63727 0.35275 0.63394 0.36938 0.61730
0.35774 0.63062 0.35607 0.63228 0.35108 0.63727 0.35275 0.63561 0.36938 0.61897
0.35774 0.63228 0.35774 0.63228 0.35108 0.63894 0.35275 0.63727 0.36938 0.62063
0.35940 0.63228 0.35774 0.63394 0.35108 0.64060 0.35441 0.63727 0.36938 0.62230
0.36106 0.63228 0.35940 0.63394 0.35275 0.64060 0.35441 0.63894 0.37105 0.62230
0.36106 0.63394 0.36106 0.63394 0.35275 0.64226 0.35607 0.63894 0.37105 0.62396
0.36106 0.63561 0.36273 0.63394 0.35441 0.64226 0.35774 0.63894 0.37105 0.62562
0.36106 0.63727 0.36273 0.63561 0.35607 0.64226 0.35940 0.63894 0.37105 0.62729
0.36106 0.63894 0.36273 0.63727 0.35774 0.64226 0.35940 0.64060 0.37105 0.62895
0.36273 0.63894 0.36439 0.63727 0.35940 0.64226 0.35940 0.64226 0.37271 0.62895
0.36439 0.63894 0.36606 0.63727 0.36106 0.64226 0.36106 0.64226 0.37438 0.62895
0.36606 0.63894 0.36606 0.63894 0.36273 0.64226 0.36273 0.64226 0.37604 0.62895
0.36772 0.63894 0.36772 0.63894 0.36439 0.64226 0.36439 0.64226 0.37770 0.62895
0.36772 0.64060 0.36938 0.63894 0.36606 0.64226 0.36439 0.64393 0.37770 0.63062
0.36938 0.64060 0.36938 0.64060 0.36772 0.64226 0.36439 0.64559 0.37770 0.63228
0.36938 0.64226 0.36938 0.64226 0.36938 0.64226 0.36606 0.64559 0.37770 0.63394
0.36938 0.64393 0.37105 0.64226 0.37105 0.64226 0.36772 0.64559 0.37937 0.63394
0.37105 0.64393 0.37105 0.64393 0.37271 0.64226 0.36938 0.64559 0.38103 0.63394
0.37271 0.64393 0.37271 0.64393 0.37438 0.64226 0.36938 0.64725 0.38270 0.63394
0.37438 0.64393 0.37438 0.64393 0.37438 0.64393 0.37105 0.64725 0.38436 0.63394
0.37438 0.64559 0.37604 0.64393 0.37604 0.64393 0.37105 0.64892 0.38602 0.63394
0.37604 0.64559 0.37770 0.64393 0.37770 0.64393 0.37105 0.65058 0.38769 0.63394
0.37770 0.64559 0.37770 0.64559 0.37770 0.64559 0.37271 0.65058 0.38769 0.63561
0.37770 0.64725 0.37937 0.64559 0.37770 0.64725 0.37271 0.65225 0.38935 0.63561
0.37770 0.64892 0.38103 0.64559 0.37937 0.64725 0.37271 0.65391 0.39101 0.63561
0.37937 0.64892 0.38103 0.64725 0.38103 0.64725 0.37438 0.65391 0.39268 0.63561
0.37937 0.65058 0.38270 0.64725 0.38270 0.64725 0.37438 0.65557 0.39268 0.63727
0.37937 0.65225 0.38436 0.64725 0.38436 0.64725 0.37438 0.65724 0.39268 0.63894
0.37937 0.65391 0.38602 0.64725 0.38602 0.64725 0.37604 0.65724 0.39268 0.64060
0.38103 0.65391 0.38769 0.64725 0.38602 0.64892 0.37770 0.65724 0.39434 0.64060
0.38103 0.65557 0.38935 0.64725 0.38602 0.65058 0.37937 0.65724 0.39434 0.64226
0.38270 0.65557 0.39101 0.64725 0.38602 0.65225 0.37937 0.65890 0.39434 0.64393
0.38436 0.65557 0.39268 0.64725 0.38769 0.65225 0.38103 0.65890 0.39434 0.64559
0.38602 0.65557 0.39434 0.64725 0.38935 0.65225 0.38270 0.65890 0.39434 0.64725
0.38602 0.65724 0.39601 0.64725 0.38935 0.65391 0.38436 0.65890 0.39601 0.64725
0.38602 0.65890 0.39767 0.64725 0.39101 0.65391 0.38436 0.66057 0.39601 0.64892
0.38769 0.65890 0.39933 0.64725 0.39101 0.65557 0.38602 0.66057 0.39767 0.64892
0.38769 0.66057 0.39933 0.64892 0.39268 0.65557 0.38602 0.66223 0.39933 0.64892
0.38935 0.66057 0.40100 0.64892 0.39268 0.65724 0.38769 0.66223 0.39933 0.65058
0.38935 0.66223 0.40266 0.64892 0.39434 0.65724 0.38935 0.66223 0.40100 0.65058
0.38935 0.66389 0.40266 0.65058 0.39434 0.65890 0.38935 0.66389 0.40100 0.65225
0.39101 0.66389 0.40266 0.65225 0.39601 0.65890 0.39101 0.66389 0.40100 0.65391
0.39268 0.66389 0.40433 0.65225 0.39767 0.65890 0.39268 0.66389 0.40266 0.65391
0.39434 0.66389 0.40433 0.65391 0.39933 0.65890 0.39268 0.66556 0.40266 0.65557
0.39434 0.66556 0.40599 0.65391 0.40100 0.65890 0.39268 0.66722 0.40433 0.65557
0.39434 0.66722 0.40599 0.65557 0.40266 0.65890 0.39434 0.66722 0.40599 0.65557
0.39601 0.66722 0.40599 0.65724 0.40433 0.65890 0.39601 0.66722 0.40599 0.65724
0.39767 0.66722 0.40765 0.65724 0.40599 0.65890 0.39767 0.66722 0.40599 0.65890
0.39767 0.66889 0.40765 0.65890 0.40599 0.66057 0.39933 0.66722 0.40599 0.66057
0.39767 0.67055 0.40932 0.65890 0.40599 0.66223 0.40100 0.66722 0.40765 0.66057
0.39767 0.67221 0.41098 0.65890 0.40599 0.66389 0.40266 0.66722 0.40765 0.66223
0.39767 0.67388 0.41098 0.66057 0.40765 0.66389 0.40266 0.66889 0.40765 0.66389
0.39767 0.67554 0.41265 0.66057 0.40765 0.66556 0.40433 0.66889 0.40932 0.66389
0.39933 0.67554 0.41431 0.66057 0.40932 0.66556 0.40599 0.66889 0.40932 0.66556
0.39933 0.67720 0.41597 0.66057 0.41098 0.66556 0.40765 0.66889 0.40932 0.66722
0.40100 0.67720 0.41597 0.66223 0.41265 0.66556 0.40765 0.67055 0.40932 0.66889
0.40266 0.67720 0.41764 0.66223 0.41265 0.66722 0.40765 0.67221 0.40932 0.67055
0.40266 0.67887 0.41930 0.66223 0.41265 0.66889 0.40932 0.67221 0.41098 0.67055
0.40433 0.67887 0.41930 0.66389 0.41265 0.67055 0.41098 0.67221 0.41098 0.67221
0.40599 0.67887 0.42097 0.66389 0.41265 0.67221 0.41265 0.67221 0.41265 0.67221
0.40599 0.68053 0.42097 0.66556 0.41265 0.67388 0.41265 0.67388 0.41265 0.67388
0.40765 0.68053 0.42097 0.66722 0.41431 0.67388 0.41265 0.67554 0.41431 0.67388
0.40932 0.68053 0.42263 0.66722 0.41431 0.67554 0.41431 0.67554 0.41431 0.67554
0.41098 0.68053 0.42263 0.66889 0.41431 0.67720 0.41431 0.67720 0.41431 0.67720
0.41098 0.68220 0.42429 0.66889 0.41597 0.67720 0.41431 0.67887 0.41431 0.67887
0.41265 0.68220 0.42596 0.66889 0.41597 0.67887 0.41431 0.68053 0.41431 0.68053
0.41265 0.68386 0.42762 0.66889 0.41597 0.68053 0.41597 0.68053 0.41431 0.68220
0.41431 0.68386 0.42762 0.67055 0.41764 0.68053 0.41597 0.68220 0.41431 0.68386
0.41431 0.68552 0.42762 0.67221 0.41930 0.68053 0.41764 0.68220 0.41597 0.68386
0.41431 0.68719 0.42928 0.67221 0.41930 0.68220 0.41764 0.68386 0.41764 0.68386
0.41597 0.68719 0.42928 0.67388 0.41930 0.68386 0.41930 0.68386 0.41930 0.68386
0.41597 0.68885 0.43095 0.67388 0.41930 0.68552 0.42097 0.68386 0.42097 0.68386
0.41597 0.69052 0.43095 0.67554 0.41930 0.68719 0.42263 0.68386 0.42263 0.68386
0.41597 0.69218 0.43261 0.67554 0.42097 0.68719 0.42263 0.68552 0.42263 0.68552
0.41597 0.69384 0.43428 0.67554 0.42263 0.68719 0.42263 0.68719 0.42263 0.68719
0.41597 0.69551 0.43428 0.67720 0.42429 0.68719 0.42429 0.68719 0.42263 0.68885
0.41764 0.69551 0.43594 0.67720 0.42429 0.68885 0.42429 0.68885 0.42429 0.68885
0.41930 0.69551 0.43594 0.67887 0.42596 0.68885 0.42596 0.68885 0.42429 0.69052
0.41930 0.69717 0.43594 0.68053 0.42762 0.68885 0.42596 0.69052 0.42429 0.69218
0.41930 0.69884 0.43760 0.68053 0.42928 0.68885 0.42596 0.69218 0.42596 0.69218
0.41930 0.70050 0.43760 0.68220 0.42928 0.69052 0.42596 0.69384 0.42596 0.69384
0.42097 0.70050 0.43927 0.68220 0.43095 0.69052 0.42596 0.69551 0.42596 0.69551
0.42263 0.70050 0.43927 0.68386 0.43095 0.69218 0.42596 0.69717 0.42762 0.69551
0.42429 0.70050 0.44093 0.68386 0.43261 0.69218 0.42762 0.69717 0.42928 0.69551
0.42596 0.70050 0.44093 0.68552 0.43261 0.69384 0.42928 0.69717 0.43095 0.69551
0.42762 0.70050 0.44093 0.68719 0.43428 0.69384 0.42928 0.69884 0.43261 0.69551
0.42928 0.70050 0.44093 0.68885 0.43428 0.69551 0.42928 0.70050 0.43261 0.69717
0.43095 0.70050 0.44093 0.69052 0.43594 0.69551 0.43095 0.70050 0.43428 0.69717
0.43261 0.70050 0.44260 0.69052 0.43594 0.69717 0.43095 0.70216 0.43428 0.69884
0.43428 0.70050 0.44426 0.69052 0.43594 0.69884 0.43261 0.70216 0.43594 0.69884
0.43594 0.70050 0.44426 0.69218 0.43760 0.69884 0.43428 0.70216 0.43760 0.69884
0.43760 0.70050 0.44426 0.69384 0.43760 0.70050 0.43594 0.70216 0.43927 0.69884
0.43927 0.70050 0.44592 0.69384 0.43927 0.70050 0.43594 0.70383 0.44093 0.69884
0.43927 0.70216 0.44759 0.69384 0.43927 0.70216 0.43760 0.70383 0.44093 0.70050
0.43927 0.70383 0.44759 0.69551 0.43927 0.70383 0.43760 0.70549 0.44260 0.70050
0.44093 0.70383 0.44925 0.69551 0.43927 0.70549 0.43927 0.70549 0.44426 0.70050
0.44093 0.70549 0.45092 0.69551 0.44093 0.70549 0.43927 0.70715 0.44592 0.70050
0.44260 0.70549 0.45092 0.69717 0.44260 0.70549 0.44093 0.70715 0.44759 0.70050
0.44260 0.70715 0.45092 0.69884 0.44426 0.70549 0.44260 0.70715 0.44925 0.70050
0.44260 0.70882 0.45092 0.70050 0.44426 0.70715 0.44426 0.70715 0.44925 0.70216
0.44426 0.70882 0.45258 0.70050 0.44426 0.70882 0.44426 0.70882 0.44925 0.70383
0.44426 0.71048 0.45424 0.70050 0.44426 0.71048 0.44426 0.71048 0.45092 0.70383
0.44592 0.71048 0.45591 0.70050 0.44426 0.71215 0.44426 0.71215 0.45092 0.70549
0.44759 0.71048 0.45591 0.70216 0.44592 0.71215 0.44592 0.71215 0.45092 0.70715
0.44925 0.71048 0.45757 0.70216 0.44592 0.71381 0.44592 0.71381 0.45258 0.70715
0.45092 0.71048 0.45757 0.70383 0.44759 0.71381 0.44759 0.71381 0.45424 0.70715
0.45258 0.71048 0.45757 0.70549 0.44925 0.71381 0.44759 0.71547 0.45424 0.70882
0.45258 0.71215 0.45757 0.70715 0.44925 0.71547 0.44759 0.71714 0.45424 0.71048
0.45258 0.71381 0.45757 0.70882 0.45092 0.71547 0.44759 0.71880 0.45591 0.71048
0.45424 0.71381 0.45923 0.70882 0.45258 0.71547 0.44925 0.71880 0.45591 0.71215
0.45591 0.71381 0.45923 0.71048 0.45424 0.71547 0.44925 0.72047 0.45591 0.71381
0.45591 0.71547 0.46090 0.71048 0.45424 0.71714 0.45092 0.72047 0.45757 0.71381
0.45591 0.71714 0.46090 0.71215 0.45424 0.71880 0.45258 0.72047 0.45923 0.71381
0.45757 0.71714 0.46090 0.71381 0.45424 0.72047 0.45424 0.72047 0.46090 0.71381
0.45757 0.71880 0.46256 0.71381 0.45424 0.72213 0.45424 0.72213 0.46256 0.71381
0.45757 0.72047 0.46256 0.71547 0.45424 0.72379 0.45591 0.72213 0.46256 0.71547
0.45923 0.72047 0.46256 0.71714 0.45591 0.72379 0.45591 0.72379 0.46256 0.71714
0.46090 0.72047 0.46423 0.71714 0.45591 0.72546 0.45591 0.72546 0.46423 0.71714
0.46256 0.72047 0.46423 0.71880 0.45591 0.72712 0.45757 0.72546 0.46423 0.71880
0.46256 0.72213 0.46589 0.71880 0.45591 0.72879 0.45923 0.72546 0.46589 0.71880
0.46256 0.72379 0.46755 0.71880 0.45757 0.72879 0.45923 0.72712 0.46589 0.72047
0.46423 0.72379 0.46755 0.72047 0.45757 0.73045 0.46090 0.72712 0.46755 0.72047
0.46423 0.72546 0.46922 0.72047 0.45757 0.73211 0.46090 0.72879 0.46922 0.72047
0.46589 0.72546 0.47088 0.72047 0.45923 0.73211 0.46090 0.73045 0.47088 0.72047
0.46755 0.72546 0.47255 0.72047 0.46090 0.73211 0.46256 0.73045 0.47255 0.72047
0.46755 0.72712 0.47255 0.72213 0.46090 0.73378 0.46256 0.73211 0.47255 0.72213
0.46755 0.72879 0.47421 0.72213 0.46256 0.73378 0.46423 0.73211 0.47255 0.72379
0.46922 0.72879 0.47421 0.72379 0.46256 0.73544 0.46423 0.73378 0.47421 0.72379
0.46922 0.73045 0.47421 0.72546 0.46256 0.73710 0.46589 0.73378 0.47587 0.72379
0.47088 0.73045 0.47587 0.72546 0.46256 0.73877 0.46589 0.73544 0.47587 0.72546
0.47088 0.73211 0.47754 0.72546 0.46256 0.74043 0.46589 0.73710 0.47587 0.72712
0.47255 0.73211 0.47754 0.72712 0.46423 0.74043 0.46755 0.73710 0.47587 0.72879
0.47255 0.73378 0.47920 0.72712 0.46589 0.74043 0.46755 0.73877 0.47587 0.73045
0.47421 0.73378 0.47920 0.72879 0.46755 0.74043 0.46755 0.74043 0.47587 0.73211
0.47421 0.73544 0.47920 0.73045 0.46922 0.74043 0.46755 0.74210 0.47587 0.73378
0.47421 0.73710 0.47920 0.73211 0.46922 0.74210 0.46922 0.74210 0.47587 0.73544
0.47421 0.73877 0.47920 0.73378 0.47088 0.74210 0.46922 0.74376 0.47587 0.73710
0.47421 0.74043 0.47920 0.73544 0.47088 0.74376 0.46922 0.74542 0.47754 0.73710
0.47587 0.74043 0.48087 0.73544 0.47088 0.74542 0.46922 0.74709 0.47920 0.73710
0.47754 0.74043 0.48253 0.73544 0.47088 0.74709 0.47088 0.74709 0.47920 0.73877
0.47754 0.74210 0.48253 0.73710 0.47255 0.74709 0.47088 0.74875 0.47920 0.74043
0.47920 0.74210 0.48419 0.73710 0.47255 0.74875 0.47088 0.75042 0.48087 0.74043
0.47920 0.74376 0.48586 0.73710 0.47421 0.74875 0.47255 0.75042 0.48087 0.74210
0.48087 0.74376 0.48752 0.73710 0.47421 0.75042 0.47421 0.75042 0.48087 0.74376
0.48087 0.74542 0.48918 0.73710 0.47587 0.75042 0.47421 0.75208 0.48087 0.74542
0.48087 0.74709 0.49085 0.73710 0.47587 0.75208 0.47587 0.75208 0.48253 0.74542
0.48253 0.74709 0.49085 0.73877 0.47754 0.75208 0.47754 0.75208 0.48419 0.74542
0.48419 0.74709 0.49251 0.73877 0.47920 0.75208 0.47920 0.75208 0.48586 0.74542
0.48586 0.74709 0.49251 0.74043 0.48087 0.75208 0.47920 0.75374 0.48586 0.74709
0.48586 0.74875 0.49418 0.74043 0.48253 0.75208 0.48087 0.75374 0.48752 0.74709
0.48752 0.74875 0.49418 0.74210 0.48419 0.75208 0.48253 0.75374 0.48752 0.74875
0.48752 0.75042 0.49584 0.74210 0.48419 0.75374 0.48253 0.75541 0.48752 0.75042
0.48752 0.75208 0.49750 0.74210 0.48419 0.75541 0.48253 0.75707 0.48752 0.75208
0.48918 0.75208 0.49750 0.74376 0.48586 0.75541 0.48253 0.75874 0.48918 0.75208
0.49085 0.75208 0.49917 0.74376 0.48586 0.75707 0.48253 0.76040 0.48918 0.75374
0.49251 0.75208 0.49917 0.74542 0.48752 0.75707 0.48253 0.76206 0.48918 0.75541
0.49418 0.75208 0.50083 0.74542 0.48752 0.75874 0.48419 0.76206 0.48918 0.75707
0.49584 0.75208 0.50250 0.74542 0.48752 0.76040 0.48586 0.76206 0.49085 0.75707
0.49750 0.75208 0.50250 0.74709 0.48918 0.76040 0.48586 0.76373 0.49251 0.75707
0.49750 0.75374 0.50250 0.74875 0.48918 0.76206 0.48752 0.76373 0.49251 0.75874
0.49750 0.75541 0.50250 0.75042 0.49085 0.76206 0.48918 0.76373 0.49418 0.75874
0.49750 0.75707 0.50250 0.75208 0.49251 0.76206 0.49085 0.76373 0.49418 0.76040
0.49750 0.75874 0.50416 0.75208 0.49418 0.76206 0.49085 0.76539 0.49418 0.76206
0.49750 0.76040 0.50582 0.75208 0.49418 0.76373 0.49085 0.76705 0.49584 0.76206
0.49917 0.76040 0.50582 0.75374 0.49584 0.76373 0.49251 0.76705 0.49750 0.76206
0.50083 0.76040 0.50582 0.75541 0.49584 0.76539 0.49418 0.76705 0.49750 0.76373
0.50250 0.76040 0.50749 0.75541 0.49750 0.76539 0.49584 0.76705 0.49917 0.76373
0.50250 0.76206 0.50915 0.75541 0.49750 0.76705 0.49750 0.76705 0.49917 0.76539
0.50416 0.76206 0.50915 0.75707 0.49917 0.76705 0.49917 0.76705 0.50083 0.76539
0.50582 0.76206 0.51082 0.75707 0.50083 0.76705 0.50083 0.76705 0.50250 0.76539
0.50749 0.76206 0.51248 0.75707 0.50250 0.76705 0.50250 0.76705 0.50250 0.76705
0.50915 0.76206 0.51414 0.75707 0.50250 0.76872 0.50416 0.76705 0.50250 0.76872
0.50915 0.76373 0.51581 0.75707 0.50250 0.77038 0.50582 0.76705 0.50250 0.77038
0.50915 0.76539 0.51581 0.75874 0.50250 0.77205 0.50582 0.76872 0.50416 0.77038
0.50915 0.76705 0.51581 0.76040 0.50250 0.77371 0.50749 0.76872 0.50582 0.77038
0.50915 0.76872 0.51747 0.76040 0.50416 0.77371 0.50915 0.76872 0.50582 0.77205
0.50915 0.77038 0.51747 0.76206 0.50582 0.77371 0.51082 0.76872 0.50582 0.77371
0.51082 0.77038 0.51913 0.76206 0.50582 0.77537 0.51082 0.77038 0.50749 0.77371
0.51082 0.77205 0.51913 0.76373 0.50582 0.77704 0.51248 0.77038 0.50915 0.77371
0.51248 0.77205 0.52080 0.76373 0.50749 0.77704 0.51414 0.77038 0.51082 0.77371
0.51414 0.77205 0.52246 0.76373 0.50749 0.77870 0.51581 0.77038 0.51248 0.77371
0.51581 0.77205 0.52246 0.76539 0.50915 0.77870 0.51747 0.77038 0.51414 0.77371
0.51581 0.77371 0.52413 0.76539 0.50915 0.78037 0.51913 0.77038 0.51581 0.77371
0.51747 0.77371 0.52579 0.76539 0.51082 0.78037 0.52080 0.77038 0.51581 0.77537
0.51747 0.77537 0.52745 0.76539 0.51248 0.78037 0.52080 0.77205 0.51581 0.77704
0.51913 0.77537 0.52745 0.76705 0.51414 0.78037 0.52080 0.77371 0.51581 0.77870
0.51913 0.77704 0.52912 0.76705 0.51581 0.78037 0.52246 0.77371 0.51581 0.78037
0.52080 0.77704 0.52912 0.76872 0.51747 0.78037 0.52413 0.77371 0.51747 0.78037
0.52080 0.77870 0.52912 0.77038 0.51747 0.78203 0.52579 0.77371 0.51747 0.78203
0.52080 0.78037 0.52912 0.77205 0.51913 0.78203 0.52745 0.77371 0.51747 0.78369
0.52080 0.78203 0.53078 0.77205 0.52080 0.78203 0.52745 0.77537 0.51747 0.78536
0.52246 0.78203 0.53078 0.77371 0.52246 0.78203 0.52745 0.77704 0.51913 0.78536
0.52413 0.78203 0.53245 0.77371 0.52246 0.78369 0.52745 0.77870 0.52080 0.78536
0.52413 0.78369 0.53245 0.77537 0.52246 0.78536 0.52912 0.77870 0.52246 0.78536
0.52413 0.78536 0.53245 0.77704 0.52246 0.78702 0.52912 0.78037 0.52246 0.78702
0.52579 0.78536 0.53245 0.77870 0.52413 0.78702 0.53078 0.78037 0.52413 0.78702
0.52579 0.78702 0.53245 0.78037 0.52579 0.78702 0.53245 0.78037 0.52413 0.78869
0.52579 0.78869 0.53411 0.78037 0.52745 0.78702 0.53245 0.78203 0.52579 0.78869
0.52579 0.79035 0.53411 0.78203 0.52912 0.78702 0.53411 0.78203 0.52579 0.79035
0.52579 0.79201 0.53577 0.78203 0.52912 0.78869 0.53577 0.78203 0.52745 0.79035
0.52745 0.79201 0.53744 0.78203 0.53078 0.78869 0.53744 0.78203 0.52745 0.79201
0.52912 0.79201 0.53910 0.78203 0.53245 0.78869 0.53744 0.78369 0.52912 0.79201
0.53078 0.79201 0.54077 0.78203 0.53245 0.79035 0.53910 0.78369 0.52912 0.79368
0.53078 0.79368 0.54243 0.78203 0.53245 0.79201 0.54077 0.78369 0.52912 0.79534
0.53078 0.79534 0.54243 0.78369 0.53245 0.79368 0.54243 0.78369 0.52912 0.79700
0.53245 0.79534 0.54409 0.78369 0.53245 0.79534 0.54409 0.78369 0.53078 0.79700
0.53245 0.79700 0.54409 0.78536 0.53411 0.79534 0.54576 0.78369 0.53078 0.79867
0.53245 0.79867 0.54576 0.78536 0.53577 0.79534 0.54576 0.78536 0.53078 0.80033
0.53245 0.80033 0.54576 0.78702 0.53577 0.79700 0.54742 0.78536 0.53245 0.80033
0.53245 0.80200 0.54742 0.78702 0.53744 0.79700 0.54908 0.78536 0.53411 0.80033
0.53411 0.80200 0.54908 0.78702 0.53910 0.79700 0.54908 0.78702 0.53577 0.80033
0.53577 0.80200 0.54908 0.78869 0.53910 0.79867 0.55075 0.78702 0.53744 0.80033
0.53744 0.80200 0.55075 0.78869 0.53910 0.80033 0.55075 0.78869 0.53910 0.80033
0.53910 0.80200 0.55241 0.78869 0.54077 0.80033 0.55075 0.79035 0.54077 0.80033
0.53910 0.80366 0.55408 0.78869 0.54077 0.80200 0.55241 0.79035 0.54077 0.80200
0.53910 0.80532 0.55574 0.78869 0.54077 0.80366 0.55241 0.79201 0.54077 0.80366
0.53910 0.80699 0.55574 0.79035 0.54243 0.80366 0.55408 0.79201 0.54243 0.80366
0.54077 0.80699 0.55574 0.79201 0.54409 0.80366 0.55574 0.79201 0.54409 0.80366
0.54077 0.80865 0.55574 0.79368 0.54576 0.80366 0.55740 0.79201 0.54409 0.80532
0.54243 0.80865 0.55574 0.79534 0.54742 0.80366 0.55740 0.79368 0.54576 0.80532
0.54243 0.81032 0.55574 0.79700 0.54908 0.80366 0.55907 0.79368 0.54576 0.80699
0.54409 0.81032 0.55740 0.79700 0.54908 0.80532 0.56073 0.79368 0.54742 0.80699
0.54409 0.81198 0.55907 0.79700 0.55075 0.80532 0.56073 0.79534 0.54908 0.80699
0.54576 0.81198 0.55907 0.79867 0.55241 0.80532 0.56240 0.79534 0.54908 0.80865
0.54742 0.81198 0.55907 0.80033 0.55241 0.80699 0.56406 0.79534 0.54908 0.81032
0.54908 0.81198 0.56073 0.80033 0.55241 0.80865 0.56572 0.79534 0.55075 0.81032
0.54908 0.81364 0.56073 0.80200 0.55408 0.80865 0.56739 0.79534 0.55075 0.81198
0.55075 0.81364 0.56240 0.80200 0.55574 0.80865 0.56739 0.79700 0.55075 0.81364
0.55075 0.81531 0.56406 0.80200 0.55574 0.81032 0.56905 0.79700 0.55241 0.81364
0.55241 0.81531 0.56572 0.80200 0.55740 0.81032 0.56905 0.79867 0.55241 0.81531
0.55241 0.81697 0.56739 0.80200 0.55740 0.81198 0.56905 0.80033 0.55241 0.81697
0.55241 0.81864 0.56739 0.80366 0.55907 0.81198 0.56905 0.80200 0.55408 0.81697
0.55408 0.81864 0.56739 0.80532 0.56073 0.81198 0.57072 0.80200 0.55574 0.81697
0.55574 0.81864 0.56739 0.80699 0.56240 0.81198 0.57072 0.80366 0.55574 0.81864
0.55740 0.81864 0.56905 0.80699 0.56240 0.81364 0.57072 0.80532 0.55740 0.81864
0.55907 0.81864 0.57072 0.80699 0.56240 0.81531 0.57072 0.80699 0.55907 0.81864
0.55907 0.82030 0.57072 0.80865 0.56406 0.81531 0.57238 0.80699 0.56073 0.81864
0.56073 0.82030 0.57072 0.81032 0.56406 0.81697 0.57238 0.80865 0.56240 0.81864
0.56240 0.82030 0.57072 0.81198 0.56572 0.81697 0.57404 0.80865 0.56240 0.82030
0.56406 0.82030 0.57238 0.81198 0.56572 0.81864 0.57571 0.80865 0.56240 0.82196
0.56572 0.82030 0.57238 0.81364 0.56572 0.82030 0.57737 0.80865 0.56240 0.82363
0.56739 0.82030 0.57238 0.81531 0.56572 0.82196 0.57737 0.81032 0.56406 0.82363
0.56739 0.82196 0.57238 0.81697 0.56739 0.82196 0.57737 0.81198 0.56406 0.82529
0.56905 0.82196 0.57238 0.81864 0.56905 0.82196 0.57903 0.81198 0.56572 0.82529
0.56905 0.82363 0.57404 0.81864 0.57072 0.82196 0.58070 0.81198 0.56739 0.82529
0.57072 0.82363 0.57404 0.82030 0.57072 0.82363 0.58070 0.81364 0.56739 0.82696
0.57238 0.82363 0.57571 0.82030 0.57238 0.82363 0.58236 0.81364 0.56905 0.82696
0.57404 0.82363 0.57737 0.82030 0.57238 0.82529 0.58403 0.81364 0.56905 0.82862
0.57571 0.82363 0.57903 0.82030 0.57404 0.82529 0.58569 0.81364 0.56905 0.83028
0.57571 0.82529 0.58070 0.82030 0.57571 0.82529 0.58735 0.81364 0.56905 0.83195
0.57737 0.82529 0.58236 0.82030 0.57737 0.82529 0.58735 0.81531 0.56905 0.83361
0.57737 0.82696 0.58236 0.82196 0.57903 0.82529 0.58902 0.81531 0.57072 0.83361
0.57903 0.82696 0.58403 0.82196 0.57903 0.82696 0.59068 0.81531 0.57238 0.83361
0.58070 0.82696 0.58569 0.82196 0.58070 0.82696 0.59068 0.81697 0.57404 0.83361
0.58236 0.82696 0.58735 0.82196 0.58236 0.82696 0.59235 0.81697 0.57404 0.83527
0.58236 0.82862 0.58902 0.82196 0.58403 0.82696 0.59401 0.81697 0.57571 0.83527
0.58403 0.82862 0.59068 0.82196 0.58569 0.82696 0.59567 0.81697 0.57737 0.83527
0.58569 0.82862 0.59235 0.82196 0.58569 0.82862 0.59567 0.81864 0.57737 0.83694
0.58735 0.82862 0.59235 0.82363 0.58569 0.83028 0.59734 0.81864 0.57903 0.83694
0.58735 0.83028 0.59235 0.82529 0.58735 0.83028 0.59734 0.82030 0.57903 0.83860
0.58902 0.83028 0.59235 0.82696 0.58902 0.83028 0.59734 0.82196 0.58070 0.83860
0.59068 0.83028 0.59235 0.82862 0.58902 0.83195 0.59900 0.82196 0.58236 0.83860
0.59235 0.83028 0.59235 0.83028 0.59068 0.83195 0.60067 0.82196 0.58236 0.84027
0.59401 0.83028 0.59401 0.83028 0.59235 0.83195 0.60233 0.82196 0.58236 0.84193
0.59567 0.83028 0.59567 0.83028 0.59401 0.83195 0.60233 0.82363 0.58236 0.84359
0.59734 0.83028 0.59567 0.83195 0.59567 0.83195 0.60399 0.82363 0.58403 0.84359
0.59900 0.83028 0.59734 0.83195 0.59734 0.83195 0.60566 0.82363 0.58569 0.84359
0.59900 0.83195 0.59734 0.83361 0.59734 0.83361 0.60566 0.82529 0.58735 0.84359
0.59900 0.83361 0.59900 0.83361 0.59734 0.83527 0.60566 0.82696 0.58902 0.84359
0.60067 0.83361 0.59900 0.83527 0.59900 0.83527 0.60566 0.82862 0.59068 0.84359
0.60233 0.83361 0.59900 0.83694 0.60067 0.83527 0.60566 0.83028 0.59235 0.84359
0.60399 0.83361 0.59900 0.83860 0.60233 0.83527 0.60732 0.83028 0.59401 0.84359
0.60566 0.83361 0.59900 0.84027 0.60399 0.83527 0.60899 0.83028 0.59567 0.84359
0.60732 0.83361 0.60067 0.84027 0.60566 0.83527 0.61065 0.83028 0.59734 0.84359
0.60899 0.83361 0.60233 0.84027 0.60732 0.83527 0.61231 0.83028 0.59734 0.84526
0.60899 0.83527 0.60399 0.84027 0.60899 0.83527 0.61398 0.83028 0.59900 0.84526
0.60899 0.83694 0.60566 0.84027 0.60899 0.83694 0.61564 0.83028 0.60067 0.84526
0.60899 0.83860 0.60732 0.84027 0.60899 0.83860 0.61564 0.83195 0.60067 0.84692
0.60899 0.84027 0.60732 0.84193 0.61065 0.83860 0.61564 0.83361 0.60067 0.84859
0.61065 0.84027 0.60732 0.84359 0.61065 0.84027 0.61730 0.83361 0.60233 0.84859
0.61065 0.84193 0.60899 0.84359 0.61231 0.84027 0.61897 0.83361 0.60233 0.85025
0.61065 0.84359 0.61065 0.84359 0.61398 0.84027 0.62063 0.83361 0.60399 0.85025
0.61231 0.84359 0.61231 0.84359 0.61564 0.84027 0.62230 0.83361 0.60566 0.85025
0.61398 0.84359 0.61398 0.84359 0.61730 0.84027 0.62396 0.83361 0.60732 0.85025
0.61398 0.84526 0.61398 0.84526 0.61897 0.84027 0.62562 0.83361 0.60899 0.85025
0.61564 0.84526 0.61564 0.84526 0.61897 0.84193 0.62729 0.83361 0.60899 0.85191
0.61564 0.84692 0.61730 0.84526 0.61897 0.84359 0.62895 0.83361 0.60899 0.85358
0.61730 0.84692 0.61897 0.84526 0.62063 0.84359 0.62895 0.83527 0.61065 0.85358
0.61730 0.84859 0.62063 0.84526 0.62063 0.84526 0.63062 0.83527 0.61231 0.85358
0.61897 0.84859 0.62230 0.84526 0.62230 0.84526 0.63228 0.83527 0.61231 0.85524
0.62063 0.84859 0.62396 0.84526 0.62230 0.84692 0.63394 0.83527 0.61231 0.85691
0.62230 0.84859 0.62562 0.84526 0.62396 0.84692 0.63561 0.83527 0.61398 0.85691
0.62396 0.84859 0.62562 0.84692 0.62562 0.84692 0.63727 0.83527 0.61564 0.85691
0.62396 0.85025 0.62562 0.84859 0.62729 0.84692 0.63727 0.83694 0.61730 0.85691
0.62396 0.85191 0.62562 0.85025 0.62895 0.84692 0.63894 0.83694 0.61730 0.85857
0.62396 0.85358 0.62729 0.85025 0.62895 0.84859 0.64060 0.83694 0.61730 0.86023
0.62562 0.85358 0.62895 0.85025 0.62895 0.85025 0.64226 0.83694 0.61730 0.86190
0.62562 0.85524 0.63062 0.85025 0.62895 0.85191 0.64226 0.83860 0.61897 0.86190
0.62729 0.85524 0.63062 0.85191 0.62895 0.85358 0.64226 0.84027 0.62063 0.86190
0.62729 0.85691 0.63062 0.85358 0.63062 0.85358 0.64226 0.84193 0.62063 0.86356
0.62729 0.85857 0.63062 0.85524 0.63228 0.85358 0.64393 0.84193 0.62230 0.86356
0.62895 0.85857 0.63062 0.85691 0.63394 0.85358 0.64559 0.84193 0.62396 0.86356
0.63062 0.85857 0.63228 0.85691 0.63394 0.85524 0.64725 0.84193 0.62396 0.86522
0.63228 0.85857 0.63394 0.85691 0.63561 0.85524 0.64725 0.84359 0.62562 0.86522
0.63394 0.85857 0.63561 0.85691 0.63561 0.85691 0.64725 0.84526 0.62729 0.86522
0.63561 0.85857 0.63561 0.85857 0.63727 0.85691 0.64725 0.84692 0.62895 0.86522
0.63727 0.85857 0.63561 0.86023 0.63894 0.85691 0.64725 0.84859 0.63062 0.86522
0.63894 0.85857 0.63727 0.86023 0.64060 0.85691 0.64892 0.84859 0.63228 0.86522
0.63894 0.86023 0.63727 0.86190 0.64226 0.85691 0.64892 0.85025 0.63394 0.86522
0.64060 0.86023 0.63727 0.86356 0.64226 0.85857 0.65058 0.85025 0.63561 0.86522
0.64226 0.86023 0.63894 0.86356 0.64226 0.86023 0.65058 0.85191 0.63727 0.86522
0.64393 0.86023 0.63894 0.86522 0.64226 0.86190 0.65058 0.85358 0.63894 0.86522
0.64559 0.86023 0.63894 0.86689 0.64393 0.86190 0.65225 0.85358 0.63894 0.86689
0.64559 0.86190 0.63894 0.86855 0.64393 0.86356 0.65225 0.85524 0.63894 0.86855
0.64725 0.86190 0.63894 0.87022 0.64393 0.86522 0.65225 0.85691 0.63894 0.87022
0.64725 0.86356 0.64060 0.87022 0.64559 0.86522 0.65391 0.85691 0.64060 0.87022
0.64725 0.86522 0.64226 0.87022 0.64559 0.86689 0.65391 0.85857 0.64226 0.87022
0.64892 0.86522 0.64226 0.87188 0.64559 0.86855 0.65391 0.86023 0.64226 0.87188
0.64892 0.86689 0.64393 0.87188 0.64559 0.87022 0.65557 0.86023 0.64393 0.87188
0.64892 0.86855 0.64559 0.87188 0.64559 0.87188 0.65557 0.86190 0.64559 0.87188
0.65058 0.86855 0.64559 0.87354 0.64559 0.87354 0.65724 0.86190 0.64559 0.87354
0.65225 0.86855 0.64559 0.87521 0.64559 0.87521 0.65890 0.86190 0.64725 0.87354
0.65225 0.87022 0.64725 0.87521 0.64559 0.87687 0.65890 0.86356 0.64725 0.87521
0.65225 0.87188 0.64725 0.87687 0.64725 0.87687 0.65890 0.86522 0.64725 0.87687
0.65391 0.87188 0.64725 0.87854 0.64725 0.87854 0.66057 0.86522 0.64892 0.87687
0.65557 0.87188 0.64725 0.88020 0.64892 0.87854 0.66223 0.86522 0.65058 0.87687
0.65557 0.87354 0.64892 0.88020 0.65058 0.87854 0.66389 0.86522 0.65225 0.87687
0.65557 0.87521 0.65058 0.88020 0.65058 0.88020 0.66389 0.86689 0.65225 0.87854
0.65557 0.87687 0.65225 0.88020 0.65058 0.88186 0.66389 0.86855 0.65391 0.87854
0.65557 0.87854 0.65391 0.88020 0.65225 0.88186 0.66389 0.87022 0.65557 0.87854
0.65557 0.88020 0.65557 0.88020 0.65391 0.88186 0.66556 0.87022 0.65724 0.87854
0.65724 0.88020 0.65557 0.88186 0.65557 0.88186 0.66722 0.87022 0.65890 0.87854
0.65890 0.88020 0.65557 0.88353 0.65557 0.88353 0.66722 0.87188 0.66057 0.87854
0.66057 0.88020 0.65724 0.88353 0.65557 0.88519 0.66889 0.87188 0.66223 0.87854
0.66057 0.88186 0.65724 0.88519 0.65724 0.88519 0.66889 0.87354 0.66389 0.87854
0.66057 0.88353 0.65724 0.88686 0.65890 0.88519 0.67055 0.87354 0.66389 0.88020
0.66057 0.88519 0.65724 0.88852 0.66057 0.88519 0.67055 0.87521 0.66389 0.88186
0.66057 0.88686 0.65890 0.88852 0.66223 0.88519 0.67055 0.87687 0.66556 0.88186
0.66057 0.88852 0.66057 0.88852 0.66389 0.88519 0.67221 0.87687 0.66556 0.88353
0.66057 0.89018 0.66223 0.88852 0.66389 0.88686 0.67388 0.87687 0.66722 0.88353
0.66057 0.89185 0.66223 0.89018 0.66556 0.88686 0.67554 0.87687 0.66722 0.88519
0.66223 0.89185 0.66223 0.89185 0.66722 0.88686 0.67554 0.87854 0.66889 0.88519
0.66389 0.89185 0.66389 0.89185 0.66889 0.88686 0.67554 0.88020 0.67055 0.88519
0.66556 0.89185 0.66556 0.89185 0.67055 0.88686 0.67720 0.88020 0.67221 0.88519
0.66722 0.89185 0.66722 0.89185 0.67221 0.88686 0.67887 0.88020 0.67388 0.88519
0.66722 0.89351 0.66889 0.89185 0.67221 0.88852 0.68053 0.88020 0.67554 0.88519
0.66722 0.89517 0.66889 0.89351 0.67388 0.88852 0.68220 0.88020 0.67720 0.88519
0.66722 0.89684 0.66889 0.89517 0.67554 0.88852 0.68386 0.88020 0.67720 0.88686
0.66722 0.89850 0.67055 0.89517 0.67554 0.89018 0.68552 0.88020 0.67720 0.88852
0.66722 0.90017 0.67221 0.89517 0.67720 0.89018 0.68719 0.88020 0.67887 0.88852
0.66722 0.90183 0.67221 0.89684 0.67887 0.89018 0.68719 0.88186 0.68053 0.88852
0.66889 0.90183 0.67221 0.89850 0.68053 0.89018 0.68885 0.88186 0.68053 0.89018
0.67055 0.90183 0.67388 0.89850 0.68220 0.89018 0.69052 0.88186 0.68053 0.89185
0.67221 0.90183 0.67554 0.89850 0.68386 0.89018 0.69052 0.88353 0.68053 0.89351
0.67388 0.90183 0.67720 0.89850 0.68552 0.89018 0.69218 0.88353 0.68053 0.89517
0.67554 0.90183 0.67887 0.89850 0.68552 0.89185 0.69384 0.88353 0.68053 0.89684
0.67720 0.90183 0.67887 0.90017 0.68552 0.89351 0.69384 0.88519 0.68053 0.89850
0.67720 0.90349 0.68053 0.90017 0.68719 0.89351 0.69551 0.88519 0.68220 0.89850
0.67887 0.90349 0.68053 0.90183 0.68719 0.89517 0.69551 0.88686 0.68220 0.90017
0.68053 0.90349 0.68053 0.90349 0.68885 0.89517 0.69717 0.88686 0.68386 0.90017
0.68053 0.90516 0.68220 0.90349 0.69052 0.89517 0.69717 0.88852 0.68386 0.90183
0.68053 0.90682 0.68220 0.90516 0.69218 0.89517 0.69884 0.88852 0.68386 0.90349
0.68220 0.90682 0.68220 0.90682 0.69384 0.89517 0.70050 0.88852 0.68552 0.90349
0.68386 0.90682 0.68386 0.90682 0.69384 0.89684 0.70216 0.88852 0.68552 0.90516
0.68386 0.90849 0.68552 0.90682 0.69551 0.89684 0.70216 0.89018 0.68719 0.90516
0.68386 0.91015 0.68719 0.90682 0.69551 0.89850 0.70383 0.89018 0.68719 0.90682
0.68552 0.91015 0.68885 0.90682 0.69551 0.90017 0.70549 0.89018 0.68719 0.90849
0.68552 0.91181 0.69052 0.90682 0.69551 0.90183 0.70549 0.89185 0.68719 0.91015
0.68719 0.91181 0.69218 0.90682 0.69717 0.90183 0.70549 0.89351 0.68885 0.91015
0.68885 0.91181 0.69384 0.90682 0.69884 0.90183 0.70715 0.89351 0.69052 0.91015
0.69052 0.91181 0.69384 0.90849 0.70050 0.90183 0.70882 0.89351 0.69218 0.91015
0.69218 0.91181 0.69551 0.90849 0.70050 0.90349 0.71048 0.89351 0.69384 0.91015
0.69384 0.91181 0.69717 0.90849 0.70216 0.90349 0.71215 0.89351 0.69551 0.91015
0.69551 0.91181 0.69884 0.90849 0.70383 0.90349 0.71215 0.89517 0.69717 0.91015
0.69717 0.91181 0.69884 0.91015 0.70383 0.90516 0.71215 0.89684 0.69717 0.91181
0.69884 0.91181 0.70050 0.91015 0.70549 0.90516 0.71215 0.89850 0.69717 0.91348
0.70050 0.91181 0.70050 0.91181 0.70715 0.90516 0.71215 0.90017 0.69884 0.91348
0.70050 0.91348 0.70216 0.91181 0.70715 0.90682 0.71215 0.90183 0.70050 0.91348
0.70216 0.91348 0.70383 0.91181 0.70882 0.90682 0.71215 0.90349 0.70216 0.91348
0.70216 0.91514 0.70549 0.91181 0.70882 0.90849 0.71381 0.90349 0.70383 0.91348
0.70216 0.91681 0.70715 0.91181 0.71048 0.90849 0.71381 0.90516 0.70549 0.91348
0.70383 0.91681 0.70882 0.91181 0.71215 0.90849 0.71381 0.90682 0.70549 0.91514
0.70549 0.91681 0.70882 0.91348 0.71381 0.90849 0.71381 0.90849 0.70715 0.91514
0.70549 0.91847 0.70882 0.91514 0.71381 0.91015 0.71381 0.91015 0.70882 0.91514
0.70715 0.91847 0.71048 0.91514 0.71381 0.91181 0.71381 0.91181 0.71048 0.91514
0.70882 0.91847 0.71048 0.91681 0.71381 0.91348 0.71547 0.91181 0.71215 0.91514
0.70882 0.92013 0.71215 0.91681 0.71547 0.91348 0.71547 0.91348 0.71381 0.91514
0.70882 0.92180 0.71215 0.91847 0.71547 0.91514 0.71714 0.91348 0.71547 0.91514
0.71048 0.92180 0.71381 0.91847 0.71714 0.91514 0.71880 0.91348 0.71714 0.91514
0.71215 0.92180 0.71381 0.92013 0.71714 0.91681 0.72047 0.91348 0.71880 0.91514
0.71381 0.92180 0.71547 0.92013 0.71880 0.91681 0.72213 0.91348 0.72047 0.91514
0.71547 0.92180 0.71547 0.92180 0.71880 0.91847 0.72379 0.91348 0.72213 0.91514
0.71714 0.92180 0.71714 0.92180 0.72047 0.91847 0.72379 0.91514 0.72379 0.91514
0.71880 0.92180 0.71880 0.92180 0.72213 0.91847 0.72379 0.91681 0.72546 0.91514
0.72047 0.92180 0.72047 0.92180 0.72379 0.91847 0.72379 0.91847 0.72712 0.91514
0.72213 0.92180 0.72213 0.92180 0.72379 0.92013 0.72379 0.92013 0.72879 0.91514
0.72213 0.92346 0.72379 0.92180 0.72379 0.92180 0.72379 0.92180 0.73045 0.91514
0.72379 0.92346 0.72546 0.92180 0.72379 0.92346 0.72546 0.92180 0.73211 0.91514
0.72546 0.92346 0.72712 0.92180 0.72546 0.92346 0.72712 0.92180 0.73378 0.91514
0.72712 0.92346 0.72879 0.92180 0.72712 0.92346 0.72879 0.92180 0.73378 0.91681
0.72712 0.92512 0.73045 0.92180 0.72879 0.92346 0.72879 0.92346 0.73378 0.91847
0.72879 0.92512 0.73211 0.92180 0.73045 0.92346 0.72879 0.92512 0.73544 0.91847
0.73045 0.92512 0.73211 0.92346 0.73045 0.92512 0.73045 0.92512 0.73710 0.91847
0.73045 0.92679 0.73378 0.92346 0.73211 0.92512 0.73211 0.92512 0.73877 0.91847
0.73211 0.92679 0.73544 0.92346 0.73378 0.92512 0.73378 0.92512 0.74043 0.91847
0.73378 0.92679 0.73710 0.92346 0.73378 0.92679 0.73378 0.92679 0.74043 0.92013
0.73378 0.92845 0.73877 0.92346 0.73544 0.92679 0.73378 0.92845 0.74043 0.92180
0.73544 0.92845 0.74043 0.92346 0.73710 0.92679 0.73544 0.92845 0.74043 0.92346
0.73544 0.93012 0.74210 0.92346 0.73877 0.92679 0.73544 0.93012 0.74043 0.92512
0.73710 0.93012 0.74210 0.92512 0.73877 0.92845 0.73544 0.93178 0.74210 0.92512
0.73710 0.93178 0.74210 0.92679 0.74043 0.92845 0.73710 0.93178 0.74210 0.92679
0.73877 0.93178 0.74210 0.92845 0.74210 0.92845 0.73877 0.93178 0.74376 0.92679
0.74043 0.93178 0.74376 0.92845 0.74376 0.92845 0.73877 0.93344 0.74542 0.92679
0.74043 0.93344 0.74542 0.92845 0.74542 0.92845 0.74043 0.93344 0.74709 0.92679
0.74210 0.93344 0.74709 0.92845 0.74709 0.92845 0.74043 0.93511 0.74875 0.92679
0.74210 0.93511 0.74875 0.92845 0.74875 0.92845 0.74210 0.93511 0.74875 0.92845
0.74376 0.93511 0.75042 0.92845 0.75042 0.92845 0.74210 0.93677 0.75042 0.92845
0.74376 0.93677 0.75208 0.92845 0.75042 0.93012 0.74376 0.93677 0.75042 0.93012
0.74542 0.93677 0.75208 0.93012 0.75042 0.93178 0.74542 0.93677 0.75208 0.93012
0.74709 0.93677 0.75374 0.93012 0.75208 0.93178 0.74542 0.93844 0.75208 0.93178
0.74875 0.93677 0.75541 0.93012 0.75208 0.93344 0.74709 0.93844 0.75208 0.93344
0.75042 0.93677 0.75707 0.93012 0.75374 0.93344 0.74875 0.93844 0.75208 0.93511
0.75208 0.93677 0.75707 0.93178 0.75541 0.93344 0.75042 0.93844 0.75374 0.93511
0.75374 0.93677 0.75874 0.93178 0.75541 0.93511 0.75208 0.93844 0.75541 0.93511
0.75541 0.93677 0.76040 0.93178 0.75707 0.93511 0.75374 0.93844 0.75707 0.93511
0.75707 0.93677 0.76206 0.93178 0.75707 0.93677 0.75541 0.93844 0.75707 0.93677
0.75874 0.93677 0.76373 0.93178 0.75874 0.93677 0.75707 0.93844 0.75874 0.93677
0.76040 0.93677 0.76539 0.93178 0.76040 0.93677 0.75707 0.94010 0.76040 0.93677
0.76206 0.93677 0.76539 0.93344 0.76206 0.93677 0.75874 0.94010 0.76040 0.93844
0.76373 0.93677 0.76705 0.93344 0.76373 0.93677 0.76040 0.94010 0.76040 0.94010
0.76373 0.93844 0.76705 0.93511 0.76539 0.93677 0.76040 0.94176 0.76206 0.94010
0.76539 0.93844 0.76872 0.93511 0.76539 0.93844 0.76040 0.94343 0.76373 0.94010
0.76705 0.93844 0.76872 0.93677 0.76705 0.93844 0.76206 0.94343 0.76539 0.94010
0.76872 0.93844 0.77038 0.93677 0.76872 0.93844 0.76373 0.94343 0.76539 0.94176
0.76872 0.94010 0.77205 0.93677 0.76872 0.94010 0.76539 0.94343 0.76705 0.94176
0.76872 0.94176 0.77371 0.93677 0.76872 0.94176 0.76705 0.94343 0.76705 0.94343
0.76872 0.94343 0.77371 0.93844 0.77038 0.94176 0.76872 0.94343 0.76872 0.94343
0.77038 0.94343 0.77371 0.94010 0.77205 0.94176 0.77038 0.94343 0.77038 0.94343
0.77038 0.94509 0.77537 0.94010 0.77205 0.94343 0.77205 0.94343 0.77038 0.94509
0.77205 0.94509 0.77704 0.94010 0.77205 0.94509 0.77205 0.94509 0.77205 0.94509
0.77371 0.94509 0.77870 0.94010 0.77205 0.94676 0.77371 0.94509 0.77371 0.94509
0.77537 0.94509 0.78037 0.94010 0.77371 0.94676 0.77537 0.94509 0.77371 0.94676
0.77537 0.94676 0.78203 0.94010 0.77537 0.94676 0.77704 0.94509 0.77537 0.94676
0.77704 0.94676 0.78203 0.94176 0.77704 0.94676 0.77870 0.94509 0.77704 0.94676
0.77870 0.94676 0.78369 0.94176 0.77704 0.94842 0.77870 0.94676 0.77704 0.94842
0.77870 0.94842 0.78536 0.94176 0.77870 0.94842 0.78037 0.94676 0.77704 0.95008
0.77870 0.95008 0.78702 0.94176 0.78037 0.94842 0.78037 0.94842 0.77870 0.95008
0.78037 0.95008 0.78869 0.94176 0.78203 0.94842 0.78203 0.94842 0.77870 0.95175
0.78037 0.95175 0.79035 0.94176 0.78369 0.94842 0.78369 0.94842 0.78037 0.95175
0.78037 0.95341 0.79201 0.94176 0.78536 0.94842 0.78369 0.95008 0.78203 0.95175
0.78203 0.95341 0.79368 0.94176 0.78536 0.95008 0.78369 0.95175 0.78369 0.95175
0.78203 0.95507 0.79534 0.94176 0.78702 0.95008 0.78369 0.95341 0.78536 0.95175
0.78369 0.95507 0.79700 0.94176 0.78869 0.95008 0.78536 0.95341 0.78702 0.95175
0.78536 0.95507 0.79867 0.94176 0.78869 0.95175 0.78702 0.95341 0.78702 0.95341
0.78702 0.95507 0.80033 0.94176 0.79035 0.95175 0.78869 0.95341 0.78869 0.95341
0.78869 0.95507 0.80200 0.94176 0.79035 0.95341 0.79035 0.95341 0.79035 0.95341
0.78869 0.95674 0.80366 0.94176 0.79035 0.95507 0.79035 0.95507 0.79201 0.95341
0.79035 0.95674 0.80532 0.94176 0.79201 0.95507 0.79201 0.95507 0.79368 0.95341
0.79201 0.95674 0.80699 0.94176 0.79201 0.95674 0.79201 0.95674 0.79534 0.95341
0.79368 0.95674 0.80865 0.94176 0.79368 0.95674 0.79368 0.95674 0.79700 0.95341
0.79534 0.95674 0.80865 0.94343 0.79534 0.95674 0.79368 0.95840 0.79867 0.95341
0.79700 0.95674 0.81032 0.94343 0.79700 0.95674 0.79534 0.95840 0.80033 0.95341
0.79867 0.95674 0.81198 0.94343 0.79867 0.95674 0.79700 0.95840 0.80200 0.95341
0.80033 0.95674 0.81198 0.94509 0.80033 0.95674 0.79867 0.95840 0.80366 0.95341
0.80200 0.95674 0.81364 0.94509 0.80033 0.95840 0.79867 0.96007 0.80532 0.95341
0.80366 0.95674 0.81364 0.94676 0.80200 0.95840 0.80033 0.96007 0.80699 0.95341
0.80532 0.95674 0.81531 0.94676 0.80366 0.95840 0.80200 0.96007 0.80865 0.95341
0.80532 0.95840 0.81697 0.94676 0.80532 0.95840 0.80200 0.96173 0.81032 0.95341
0.80699 0.95840 0.81864 0.94676 0.80699 0.95840 0.80366 0.96173 0.81198 0.95341
0.80865 0.95840 0.81864 0.94842 0.80865 0.95840 0.80532 0.96173 0.81364 0.95341
0.81032 0.95840 0.81864 0.95008 0.81032 0.95840 0.80699 0.96173 0.81531 0.95341
0.81032 0.96007 0.81864 0.95175 0.81198 0.95840 0.80865 0.96173 0.81531 0.95507
0.81198 0.96007 0.81864 0.95341 0.81364 0.95840 0.81032 0.96173 0.81531 0.95674
0.81198 0.96173 0.82030 0.95341 0.81531 0.95840 0.81198 0.96173 0.81697 0.95674
0.81364 0.96173 0.82030 0.95507 0.81531 0.96007 0.81364 0.96173 0.81864 0.95674
0.81531 0.96173 0.82196 0.95507 0.81697 0.96007 0.81364 0.96339 0.82030 0.95674
0.81697 0.96173 0.82196 0.95674 0.81864 0.96007 0.81531 0.96339 0.82030 0.95840
0.81864 0.96173 0.82363 0.95674 0.82030 0.96007 0.81697 0.96339 0.82196 0.95840
0.82030 0.96173 0.82529 0.95674 0.82196 0.96007 0.81697 0.96506 0.82363 0.95840
0.82196 0.96173 0.82696 0.95674 0.82196 0.96173 0.81864 0.96506 0.82363 0.96007
0.82363 0.96173 0.82862 0.95674 0.82363 0.96173 0.82030 0.96506 0.82529 0.96007
0.82529 0.96173 0.83028 0.95674 0.82363 0.96339 0.82030 0.96672 0.82696 0.96007
0.82696 0.96173 0.83028 0.95840 0.82529 0.96339 0.82196 0.96672 0.82862 0.96007
0.82862 0.96173 0.83195 0.95840 0.82696 0.96339 0.82363 0.96672 0.83028 0.96007
0.82862 0.96339 0.83361 0.95840 0.82862 0.96339 0.82363 0.96839 0.83195 0.96007
0.83028 0.96339 0.83527 0.95840 0.83028 0.96339 0.82363 0.97005 0.83361 0.96007
0.83195 0.96339 0.83527 0.96007 0.83195 0.96339 0.82529 0.97005 0.83527 0.96007
0.83361 0.96339 0.83694 0.96007 0.83361 0.96339 0.82696 0.97005 0.83694 0.96007
0.83527 0.96339 0.83860 0.96007 0.83527 0.96339 0.82696 0.97171 0.83860 0.96007
0.83694 0.96339 0.84027 0.96007 0.83694 0.96339 0.82862 0.97171 0.84027 0.96007
0.83860 0.96339 0.84193 0.96007 0.83860 0.96339 0.83028 0.97171 0.84193 0.96007
0.84027 0.96339 0.84193 0.96173 0.83860 0.96506 0.83195 0.97171 0.84193 0.96173
0.84027 0.96506 0.84359 0.96173 0.84027 0.96506 0.83361 0.97171 0.84193 0.96339
0.84027 0.96672 0.84526 0.96173 0.84193 0.96506 0.83527 0.97171 0.84359 0.96339
0.84027 0.96839 0.84526 0.96339 0.84359 0.96506 0.83694 0.97171 0.84359 0.96506
0.84027 0.97005 0.84692 0.96339 0.84526 0.96506 0.83860 0.97171 0.84526 0.96506
0.84193 0.97005 0.84859 0.96339 0.84526 0.96672 0.84027 0.97171 0.84692 0.96506
0.84359 0.97005 0.85025 0.96339 0.84692 0.96672 0.84027 0.97338 0.84859 0.96506
0.84359 0.97171 0.85191 0.96339 0.84859 0.96672 0.84027 0.97504 0.85025 0.96506
0.84526 0.97171 0.85358 0.96339 0.85025 0.96672 0.84193 0.97504 0.85025 0.96672
0.84692 0.97171 0.85524 0.96339 0.85191 0.96672 0.84359 0.97504 0.85191 0.96672
0.84692 0.97338 0.85691 0.96339 0.85358 0.96672 0.84526 0.97504 0.85358 0.96672
0.84859 0.97338 0.85857 0.96339 0.85524 0.96672 0.84692 0.97504 0.85358 0.96839
0.85025 0.97338 0.86023 0.96339 0.85691 0.96672 0.84859 0.97504 0.85524 0.96839
0.85191 0.97338 0.86190 0.96339 0.85857 0.96672 0.85025 0.97504 0.85691 0.96839
0.85191 0.97504 0.86190 0.96506 0.86023 0.96672 0.85191 0.97504 0.85857 0.96839
0.85358 0.97504 0.86356 0.96506 0.86023 0.96839 0.85358 0.97504 0.86023 0.96839
0.85524 0.97504 0.86522 0.96506 0.86190 0.96839 0.85524 0.97504 0.86190 0.96839
0.85691 0.97504 0.86689 0.96506 0.86356 0.96839 0.85691 0.97504 0.86356 0.96839
0.85857 0.97504 0.86855 0.96506 0.86356 0.97005 0.85857 0.97504 0.86356 0.97005
0.86023 0.97504 0.87022 0.96506 0.86522 0.97005 0.86023 0.97504 0.86522 0.97005
0.86190 0.97504 0.87022 0.96672 0.86689 0.97005 0.86190 0.97504 0.86689 0.97005
0.86356 0.97504 0.87188 0.96672 0.86855 0.97005 0.86356 0.97504 0.86689 0.97171
0.86522 0.97504 0.87354 0.96672 0.87022 0.97005 0.86522 0.97504 0.86855 0.97171
0.86689 0.97504 0.87354 0.96839 0.87022 0.97171 0.86689 0.97504 0.87022 0.97171
0.86855 0.97504 0.87521 0.96839 0.87188 0.97171 0.86855 0.97504 0.87022 0.97338
0.86855 0.97671 0.87687 0.96839 0.87354 0.97171 0.87022 0.97504 0.87188 0.97338
0.87022 0.97671 0.87854 0.96839 0.87521 0.97171 0.87188 0.97504 0.87354 0.97338
0.87188 0.97671 0.88020 0.96839 0.87687 0.97171 0.87354 0.97504 0.87521 0.97338
0.87354 0.97671 0.88186 0.96839 0.87854 0.97171 0.87521 0.97504 0.87687 0.97338
0.87521 0.97671 0.88353 0.96839 0.88020 0.97171 0.87521 0.97671 0.87854 0.97338
0.87687 0.97671 0.88519 0.96839 0.88186 0.97171 0.87687 0.97671 0.87854 0.97504
0.87854 0.97671 0.88686 0.96839 0.88353 0.97171 0.87854 0.97671 0.88020 0.97504
0.88020 0.97671 0.88852 0.96839 0.88519 0.97171 0.87854 0.97837 0.88186 0.97504
0.88020 0.97837 0.89018 0.96839 0.88519 0.97338 0.88020 0.97837 0.88353 0.97504
0.88186 0.97837 0.89185 0.96839 0.88686 0.97338 0.88186 0.97837 0.88519 0.97504
0.88353 0.97837 0.89185 0.97005 0.88686 0.97504 0.88186 0.98003 0.88686 0.97504
0.88519 0.97837 0.89351 0.97005 0.88852 0.97504 0.88186 0.98170 0.88852 0.97504
0.88519 0.98003 0.89351 0.97171 0.89018 0.97504 0.88353 0.98170 0.89018 0.97504
0.88686 0.98003 0.89351 0.97338 0.89185 0.97504 0.88353 0.98336 0.89018 0.97671
0.88852 0.98003 0.89351 0.97504 0.89351 0.97504 0.88519 0.98336 0.89185 0.97671
0.89018 0.98003 0.89517 0.97504 0.89517 0.97504 0.88686 0.98336 0.89351 0.97671
0.89185 0.98003 0.89684 0.97504 0.89684 0.97504 0.88686 0.98502 0.89517 0.97671
0.89351 0.98003 0.89684 0.97671 0.89684 0.97671 0.88852 0.98502 0.89684 0.97671
0.89517 0.98003 0.89850 0.97671 0.89850 0.97671 0.89018 0.98502 0.89684 0.97837
0.89684 0.98003 0.90017 0.97671 0.90017 0.97671 0.89185 0.98502 0.89850 0.97837
0.89850 0.98003 0.90183 0.97671 0.90183 0.97671 0.89351 0.98502 0.90017 0.97837
0.89850 0.98170 0.90349 0.97671 0.90349 0.97671 0.89517 0.98502 0.90183 0.97837
0.89850 0.98336 0.90516 0.97671 0.90516 0.97671 0.89684 0.98502 0.90349 0.97837
0.90017 0.98336 0.90682 0.97671 0.90516 0.97837 0.89850 0.98502 0.90516 0.97837
0.90183 0.98336 0.90682 0.97837 0.90516 0.98003 0.90017 0.98502 0.90516 0.98003
0.90349 0.98336 0.90682 0.98003 0.90682 0.98003 0.90183 0.98502 0.90682 0.98003
0.90516 0.98336 0.90849 0.98003 0.90682 0.98170 0.90349 0.98502 0.90849 0.98003
0.90682 0.98336 0.91015 0.98003 0.90849 0.98170 0.90516 0.98502 0.91015 0.98003
0.90849 0.98336 0.91181 0.98003 0.90849 0.98336 0.90682 0.98502 0.91015 0.98170
0.90849 0.98502 0.91348 0.98003 0.90849 0.98502 0.90849 0.98502 0.91015 0.98336
0.91015 0.98502 0.91514 0.98003 0.91015 0.98502 0.91015 0.98502 0.91181 0.98336
0.91181 0.98502 0.91681 0.98003 0.91181 0.98502 0.91181 0.98502 0.91348 0.98336
0.91348 0.98502 0.91681 0.98170 0.91348 0.98502 0.91348 0.98502 0.91348 0.98502
0.91348 0.98669 0.91681 0.98336 0.91514 0.98502 0.91514 0.98502 0.91348 0.98669
0.91514 0.98669 0.91847 0.98336 0.91681 0.98502 0.91681 0.98502 0.91514 0.98669
0.91681 0.98669 0.91847 0.98502 0.91847 0.98502 0.91847 0.98502 0.91681 0.98669
0.91847 0.98669 0.92013 0.98502 0.92013 0.98502 0.92013 0.98502 0.91847 0.98669
0.91847 0.98835 0.92180 0.98502 0.92013 0.98669 0.92180 0.98502 0.91847 0.98835
0.92013 0.98835 0.92346 0.98502 0.92180 0.98669 0.92180 0.98669 0.92013 0.98835
0.92013 0.99002 0.92512 0.98502 0.92346 0.98669 0.92346 0.98669 0.92180 0.98835
0.92180 0.99002 0.92679 0.98502 0.92512 0.98669 0.92512 0.98669 0.92180 0.99002
0.92346 0.99002 0.92679 0.98669 0.92679 0.98669 0.92679 0.98669 0.92346 0.99002
0.92512 0.99002 0.92679 0.98835 0.92845 0.98669 0.92845 0.98669 0.92512 0.99002
0.92679 0.99002 0.92845 0.98835 0.93012 0.98669 0.93012 0.98669 0.92679 0.99002
0.92845 0.99002 0.93012 0.98835 0.93178 0.98669 0.93178 0.98669 0.92845 0.99002
0.93012 0.99002 0.93178 0.98835 0.93178 0.98835 0.93344 0.98669 0.93012 0.99002
0.93012 0.99168 0.93344 0.98835 0.93344 0.98835 0.93511 0.98669 0.93012 0.99168
0.93178 0.99168 0.93511 0.98835 0.93511 0.98835 0.93677 0.98669 0.93178 0.99168
0.93344 0.99168 0.93511 0.99002 0.93677 0.98835 0.93844 0.98669 0.93344 0.99168
0.93511 0.99168 0.93677 0.99002 0.93844 0.98835 0.94010 0.98669 0.93511 0.99168
0.93677 0.99168 0.93844 0.99002 0.93844 0.99002 0.94010 0.98835 0.93677 0.99168
0.93844 0.99168 0.94010 0.99002 0.94010 0.99002 0.94176 0.98835 0.93844 0.99168
0.94010 0.99168 0.94176 0.99002 0.94176 0.99002 0.94343 0.98835 0.94010 0.99168
0.94176 0.99168 0.94343 0.99002 0.94176 0.99168 0.94343 0.99002 0.94176 0.99168
0.94343 0.99168 0.94509 0.99002 0.94343 0.99168 0.94509 0.99002 0.94343 0.99168
0.94509 0.99168 0.94676 0.99002 0.94509 0.99168 0.94509 0.99168 0.94509 0.99168
0.94676 0.99168 0.94842 0.99002 0.94676 0.99168 0.94676 0.99168 0.94676 0.99168
0.94842 0.99168 0.95008 0.99002 0.94676 0.99334 0.94842 0.99168 0.94676 0.99334
0.95008 0.99168 0.95175 0.99002 0.94842 0.99334 0.95008 0.99168 0.94842 0.99334
0.95175 0.99168 0.95341 0.99002 0.95008 0.99334 0.95008 0.99334 0.95008 0.99334
0.95341 0.99168 0.95507 0.99002 0.95175 0.99334 0.95175 0.99334 0.95175 0.99334
0.95341 0.99334 0.95674 0.99002 0.95341 0.99334 0.95341 0.99334 0.95341 0.99334
0.95507 0.99334 0.95674 0.99168 0.95341 0.99501 0.95507 0.99334 0.95507 0.99334
0.95674 0.99334 0.95674 0.99334 0.95507 0.99501 0.95674 0.99334 0.95674 0.99334
0.95840 0.99334 0.95840 0.99334 0.95674 0.99501 0.95840 0.99334 0.95674 0.99501
0.96007 0.99334 0.95840 0.99501 0.95840 0.99501 0.96007 0.99334 0.95840 0.99501
0.96173 0.99334 0.96007 0.99501 0.96007 0.99501 0.96173 0.99334 0.96007 0.99501
0.96173 0.99501 0.96173 0.99501 0.96173 0.99501 0.96339 0.99334 0.96007 0.99667
0.96173 0.99667 0.96339 0.99501 0.96339 0.99501 0.96506 0.99334 0.96173 0.99667
0.96339 0.99667 0.96506 0.99501 0.96339 0.99667 0.96672 0.99334 0.96339 0.99667
0.96506 0.99667 0.96672 0.99501 0.96506 0.99667 0.96672 0.99501 0.96506 0.99667
0.96672 0.99667 0.96839 0.99501 0.96672 0.99667 0.96839 0.99501 0.96672 0.99667
0.96839 0.99667 0.97005 0.99501 0.96839 0.99667 0.97005 0.99501 0.96672 0.99834
0.97005 0.99667 0.97171 0.99501 0.97005 0.99667 0.97171 0.99501 0.96839 0.99834
0.97171 0.99667 0.97338 0.99501 0.97171 0.99667 0.97338 0.99501 0.97005 0.99834
0.97338 0.99667 0.97504 0.99501 0.97338 0.99667 0.97504 0.99501 0.97171 0.99834
0.97338 0.99834 0.97671 0.99501 0.97504 0.99667 0.97671 0.99501 0.97338 0.99834
0.97504 0.99834 0.97837 0.99501 0.97671 0.99667 0.97671 0.99667 0.97338 1.00000
0.97671 0.99834 0.98003 0.99501 0.97837 0.99667 0.97837 0.99667 0.97504 1.00000
0.97671 1.00000 0.98170 0.99501 0.98003 0.99667 0.98003 0.99667 0.97671 1.00000
0.97837 1.00000 0.98170 0.99667 0.98170 0.99667 0.98170 0.99667 0.97837 1.00000
0.98003 1.00000 0.98336 0.99667 0.98336 0.99667 0.98336 0.99667 0.98003 1.00000
0.98170 1.00000 0.98502 0.99667 0.98502 0.99667 0.98502 0.99667 0.98170 1.00000
0.98336 1.00000 0.98502 0.99834 0.98669 0.99667 0.98669 0.99667 0.98336 1.00000
0.98502 1.00000 0.98669 0.99834 0.98835 0.99667 0.98669 0.99834 0.98502 1.00000
0.98669 1.00000 0.98669 1.00000 0.99002 0.99667 0.98835 0.99834 0.98669 1.00000
0.98835 1.00000 0.98835 1.00000 0.99168 0.99667 0.99002 0.99834 0.98835 1.00000
0.99002 1.00000 0.99002 1.00000 0.99334 0.99667 0.99168 0.99834 0.99002 1.00000
0.99168 1.00000 0.99168 1.00000 0.99334 0.99834 0.99168 1.00000 0.99168 1.00000
0.99334 1.00000 0.99334 1.00000 0.99501 0.99834 0.99334 1.00000 0.99334 1.00000
0.99501 1.00000 0.99501 1.00000 0.99667 0.99834 0.99501 1.00000 0.99501 1.00000
0.99667 1.00000 0.99667 1.00000 0.99834 0.99834 0.99667 1.00000 0.99667 1.00000
0.99834 1.00000 0.99834 1.00000 0.99834 1.00000 0.99834 1.00000 0.99834 1.00000
1.00000 1.00000 1.00000 1.00000 1.00000 1.00000 1.00000 1.00000 1.00000 1.00000
