H3K4me3 WT nuclear genes	cdkc2 nuclear genes	WT ATXR3-marked	cdkc2 ATXR3-marked	WT ATXR3-bound	cdkc2 ATXR3-bound
1.32509795455383	1.3154053271048	1.34487873433454	1.31877363362568	1.81605773395356	1.76728054257073
1.30728159557588	1.29807627973942	1.31712464362767	1.29712592549596	1.78301642709089	1.74330831409026
1.28265357343736	1.2733187378579	1.2832376740498	1.26877998428628	1.74512433444518	1.69883697217777
1.25348093220839	1.24121467836018	1.25720232375024	1.23275067009406	1.69658030663179	1.64758578505394
1.21952394067136	1.20491152772832	1.22857238523103	1.19655480768073	1.64620366926186	1.59332968467052
1.17831952979941	1.15929644833956	1.19007908387926	1.1502855172707	1.58187539477961	1.52537026126814
1.13084298307037	1.11088752053311	1.14842047554455	1.10907016506734	1.50733338328642	1.45550964155766
1.07663147742778	1.05717557258856	1.10179868905216	1.06389195200059	1.42185465541465	1.36566295117557
1.02211962188112	1.00029017523776	1.06128290888825	1.01933115771646	1.33616901481254	1.28524668878491
0.962665129270904	0.942261268575506	1.01475326945566	0.977152125916308	1.24900155856164	1.20626170026704
0.903456803325914	0.883063825854119	0.970141194695892	0.932526979258661	1.16193258101783	1.11654518885733
0.848490418532316	0.829352217338544	0.938742275630489	0.898290695207925	1.08299062552266	1.04285519941676
0.803869812255087	0.783797584078532	0.925782841640923	0.882890157549514	1.01963704273994	0.980893107606425
0.776490083793208	0.753928486718238	0.939263618851825	0.881789429518596	0.983075711400139	0.938025018590312
0.773148543622369	0.752682410640433	0.980652805591969	0.916985310158309	0.978509614245018	0.931585818642563
0.810078650943796	0.787420462324419	1.07403717603595	0.998686803918483	1.02434254418894	0.973008776932736
0.899547716847166	0.875257488897057	1.23558816021068	1.15126346890102	1.14114929332816	1.08443516200667
1.0569765104656	1.03459716745511	1.4918662678354	1.40189088987955	1.35230395467842	1.29261343438613
1.30459069601181	1.28045393463422	1.8860234674691	1.77894893977848	1.70097895721933	1.62730765433008
1.67073099360787	1.64506517809323	2.46915933014443	2.34527252636527	2.23177855427168	2.15577962707875
2.17608574128603	2.13969128445094	3.30913166210467	3.15255323805245	3.02136918101446	2.91055748363912
3.28657946284568	3.23624870415853	5.24479866037146	5.03966369834369	4.70361840222069	4.55669659413518
4.27017240685555	4.21573213866082	7.1935274488132	6.91677220478035	6.36341979423047	6.18449961618834
4.98335001572933	4.92271329339671	8.84151118070778	8.509257488792	7.77438900808614	7.55948484112972
5.41766839254136	5.36050569357548	10.0678800482538	9.6943072334991	8.798410168403	8.54402191191888
5.62866991006565	5.57580116692357	10.8678849954082	10.4997831636114	9.49592590161688	9.2128778745191
5.6685616197221	5.6221275271017	11.4185156699406	11.0027093234139	9.91835795243748	9.59834968641405
5.59167728127843	5.55044552847938	11.7266521582446	11.3176180271604	10.127452730163	9.81657048164213
5.4374713164063	5.40000643297103	11.8732597402715	11.4298388235912	10.195537437492	9.86746442061082
5.23452480563882	5.19943084191441	11.8785622358167	11.4144893576188	10.1672257742261	9.79244019788791
4.9977944718675	4.9718526824994	11.7316123172902	11.2881011107124	10.0069254854487	9.64983496384139
4.73413798923703	4.71546496839204	11.4794590517343	11.0465490185941	9.74162313800104	9.40874696688679
4.46491694639125	4.45249376348703	11.1624552194468	10.7619258667173	9.42108734363209	9.12011590475695
4.19789202812768	4.19497382945953	10.8215633817064	10.4620441095893	9.09251893246337	8.81274879500144
3.93891817587585	3.94040218241352	10.4533756739737	10.0971002335766	8.76306209973675	8.47050506152247
3.69551295957484	3.70029125792333	10.0745575797401	9.74891513727992	8.42770898575634	8.13989857170333
3.46948607034324	3.47206413895542	9.70735958554671	9.36675448424868	8.10325233562711	7.82023296574288
3.25683550404368	3.25782825524313	9.35100364480596	8.99984983993829	7.78587053340596	7.5076141331332
3.0586732135088	3.0602363113985	8.99228855224416	8.64337098575977	7.49033050317297	7.21755524122329
2.8759177885334	2.8752712393773	8.6178198181882	8.27575597284365	7.18894582815142	6.9200522552755
2.71011910817324	2.71227259551192	8.26268871171873	7.93344639643586	6.90611050597028	6.65796157558404
2.55676958971175	2.55689192145549	7.93734260189169	7.6043465054986	6.63179578227955	6.38522907378171
2.41395046082917	2.41943855736228	7.58283367171871	7.28641660969759	6.35148663317868	6.12968680740601
2.28577150459086	2.2935060331043	7.24827790586882	6.98377133091398	6.09494921013162	5.89705355356376
2.16973927948359	2.17825255259901	6.92770756794834	6.68226550969327	5.84837502161932	5.64798457017971
2.06479503887588	2.07243844612709	6.62911018669138	6.38052399925763	5.61313954761992	5.4082237466844
1.97116173168933	1.97910047611539	6.35517923772779	6.11467261823498	5.40187777259808	5.19794621789302
1.88251231146818	1.89337052464546	6.09282500014184	5.84873647610393	5.18783496832117	4.98774193661769
1.8039096653937	1.81220671324611	5.84086935481084	5.60108324190659	4.99109956113452	4.79509212773879
1.73382923431347	1.74013677820938	5.60130728731295	5.38701990086437	4.8120924185401	4.62968102233043
1.66768133050724	1.6743704866889	5.37826073525618	5.18159337906758	4.63065212252412	4.45455644947927
1.60425544376142	1.61200662612038	5.15456603434887	4.97860487052604	4.45305008636028	4.29558550952536
1.5482931330249	1.55480586752315	4.95085334244048	4.78666608095002	4.29328715746468	4.13548827822915
1.4974278255575	1.50204394961002	4.76311208310237	4.60187334763739	4.15356831761862	3.98531003070899
1.44796328423789	1.45309126432383	4.57678774295657	4.41690662250338	3.99970868142064	3.8408282263626
1.40478485267964	1.4083327980256	4.4060352499001	4.25006147091875	3.8693919517089	3.70357838914899
1.36040387228409	1.36306620907085	4.24097933578791	4.08117666428303	3.73248091050676	3.56203729188527
1.3202749514402	1.31996463184316	4.09360508735903	3.92798116966883	3.60676922049574	3.4307778385288
1.27896532055411	1.27729073234502	3.94720687378917	3.77053986698218	3.48755397237629	3.31232499186094
1.23769200385953	1.23921800781419	3.79198988117543	3.62004996940675	3.35561540446728	3.18620662964949
1.20109574226256	1.19747710624153	3.64086982667005	3.45841506480909	3.22605907029172	3.04680947473969
1.16460335553829	1.16032075491245	3.48984536418432	3.3128139505419	3.09613407512133	2.92214614640297
1.12851685361847	1.12356024414495	3.33708407040227	3.17269766653694	2.96967427697822	2.79292883278991
1.09290957477086	1.08792362773444	3.19123624016351	3.02163836151451	2.84044909779214	2.66325529437214
1.05841879187391	1.05314427634869	3.04548823461021	2.87767755762331	2.70962097218473	2.53502295646326
1.02271982829974	1.01827762689939	2.88606955510314	2.73140500465675	2.57176697686602	2.40425557265081
0.988562153435374	0.982796469018915	2.7377521573952	2.58963380202012	2.4355279524603	2.27903384101059
0.954273100004923	0.94852737971226	2.58549496912047	2.43736840879911	2.30234384243198	2.15410554788395
0.921438310457366	0.915773768025635	2.44396984330208	2.29811949511607	2.18471715084707	2.03047962366724
0.886548990535383	0.882253374297675	2.29137198212805	2.15783519870494	2.04965047646635	1.90873007003534
0.853918124898283	0.849719414974023	2.14585018529036	2.02477594191584	1.91956470110939	1.79312897062874
0.822427675453339	0.816029226881668	2.01190682041467	1.88769192947697	1.80574841093938	1.67480943779848
0.791410885234854	0.784589802360783	1.88371520784734	1.75918360287442	1.69507823950243	1.56818364613312
0.760284406345524	0.751796693811151	1.75444469129146	1.63352031656806	1.5791479779379	1.45357149667374
0.729705008578668	0.71972087321065	1.63589405465024	1.52120079486408	1.47527424280936	1.36012913691605
0.698236451680527	0.687283366559051	1.52587640500606	1.41995915917291	1.38321073166479	1.27396347312167
0.667176766372414	0.656451181676009	1.4274105393737	1.33425794487019	1.2994087467707	1.20639400789138
0.634513287928772	0.624941250648109	1.33818467118061	1.24849198668912	1.22011557739034	1.13426532101554
0.606586866217347	0.593812861862404	1.26373379833838	1.17041898790412	1.15560742606696	1.07442570653495
0.586818719375912	0.573332599243554	1.20808444242783	1.1180572880343	1.10194976229308	1.02578158434909
0.581644974481766	0.568006448999188	1.18594681545457	1.10181986827166	1.07271948258575	1.00255515639508
0.579040021934858	0.564825855724796	1.158663395212	1.07180773563911	1.04220651272946	0.970377873170802
0.58483485967824	0.570670190872493	1.13745462370792	1.05468573981835	1.01920567669589	0.947096219863556
0.601255459045491	0.587156484744528	1.1347963604525	1.05166875763583	1.0130388272142	0.945430794998262
0.628481414738472	0.613485011248255	1.13880969436606	1.06136261860952	1.02055276949351	0.958102890433887
0.667071488144425	0.650962784443109	1.15855850614304	1.0750849612074	1.04584658815804	0.979402974816951
0.716483076747262	0.698942750104087	1.18355915295623	1.10159584260831	1.0837356780886	1.01659601779391
0.778015093846507	0.758487266733401	1.22318284980017	1.14621822736038	1.13457473920924	1.07023604202476
0.849956227089151	0.830332832608108	1.2869890943454	1.20623629724196	1.19816287369992	1.14143696331336
0.929329772225959	0.908168390466583	1.35203360155027	1.27929660241051	1.27680533240569	1.22353473263238
1.01302566361856	0.99286926735775	1.42899255482924	1.35443306468172	1.36978882524834	1.31168445691268
1.09748880861736	1.0788687758389	1.50418556736125	1.4345760405552	1.45608207657696	1.40259348982589
1.18359894496426	1.16463664381201	1.58162092638538	1.51143188365752	1.54870329493963	1.49563268928901
1.26650150447886	1.24931228809993	1.65867154227891	1.5882036834397	1.63502217957018	1.58690461243515
1.3461828672479	1.32907674698683	1.72507745995807	1.65858602367273	1.72376844697335	1.67295707605469
1.42242459154902	1.40380532073001	1.7960143118554	1.72129648802275	1.80376781842098	1.7455258040302
1.49271962883083	1.4734046419662	1.86103658401897	1.78581326873339	1.86975032277374	1.81635894652935
1.55825890627919	1.53533366776137	1.91644484271678	1.84230955542058	1.93523869767178	1.87906303629892
1.61626526768408	1.59514769023932	1.97534691043691	1.90186648876662	1.98952789951765	1.94035083286768
1.66787757045292	1.64745252736749	2.02584589282218	1.95307228370108	2.04793849534048	1.99568715640735
1.71061624829919	1.69174363155266	2.05942350205734	1.99104550774618	2.08620955268766	2.03971010186952
